C01,-34316056.67766063,24449863.83516102,-768451.9985332717
C01,-34319621.459049866,24435832.150672913,-927776.6396123217
C01,-34326736.92854977,24421699.16053705,-1023657.4896220099
C01,-34336950.536389075,24409285.66263844,-1049515.888343675
C01,-34349177.66160314,24400224.558349643,-1003584.8987830622
C01,-34361877.499885805,24395639.850920085,-889030.5066188027
C01,-34373350.01033192,24395936.233681016,-713728.310591252
C01,-34382077.51192928,24400751.962097015,-489715.98824428534
C01,-34387021.69702359,24409085.277636915,-232359.81067026083
C01,-34387806.40598768,24419549.448273696,40704.15645752337
C01,-34384746.705761395,24430689.914572828,310779.7326566
C01,-34378723.59709721,24441280.49444776,559388.2077203592
C01,-34370941.8936478,24450529.561654706,769528.212971656
C01,-34362636.373904034,24458150.141823467,926832.3456339516
C01,-34354801.330590755,24464288.586538173,1020544.2272202492
C01,-34348009.20173397,24469339.170190684,1044250.399089398
C01,-34342362.30181215,24473704.309071273,996318.5814492144
C01,-34337579.0150041,24477575.61670001,880012.0958434541
C01,-34333186.45616949,24480793.189361196,703270.9475735726
C01,-34328762.48787689,24482831.99012857,478174.9802710319
C01,-34324153.51701591,24482921.07170384,220123.3285563565
C01,-34319605.04736364,24480263.477535013,-53214.929225101056
C01,-34315764.580857694,24474301.828280136,-323107.9975570216
C01,-34313549.77862615,24464954.93581578,-571046.2600700405
C02,4418726.242369097,41959344.453642085,690746.8434193867
C02,4449583.303031038,41952831.496842764,79047.13170615939
C02,4474790.445736288,41936111.76304254,-538025.7004554988
C02,4489182.015734197,41911415.565494314,-1118236.9063784366
C02,4489343.303000064,41883090.60233126,-1621808.9674991718
C02,4474512.264774519,41856592.95475724,-2014153.6757429785
C02,4446848.270324904,41837166.0930005,-2268265.4289579745
C02,4410989.628014769,41828552.454781815,-2366606.8087788527
C02,4373003.150639187,41832080.38665059,-2302345.817301046
C02,4338997.929814308,41846370.64349571,-2079849.958890764
C02,4313762.6326399,41867739.29003753,-1714395.7917866332
C02,4299782.782066759,41891183.38470051,-1231111.8522886753
C02,4296878.734611682,41911680.897339135,-663231.2204391583
C02,4302537.160519114,41925453.21734062,-49780.88826545178
C02,4312827.164387768,41930858.649149634,567123.3861402516
C02,4323628.480494588,41928686.398723476,1145184.5386476459
C02,4331838.243302089,41921784.72553749,1644828.5060904874
C02,4336217.636716183,41914137.38811878,2031906.7270777891
C02,4337660.307282792,41909647.926192865,2280013.403462279
C02,4338815.059631669,41910965.63990094,2372264.769922965
C02,4343172.896421665,41918679.20994458,2302426.0032892693
C02,4353880.175124661,41931096.35481659,2075316.034627763
C02,4372608.769875174,41944669.49459097,1706467.555039051
C02,4398805.3444168335,41954960.76730476,1221069.0223764179
C03,-14767483.53558532,39522863.7710564,-382594.99497591564
C03,-14748806.850976693,39516094.253491,-638856.8138849136
C03,-14736410.48906458,39504683.87508396,-851499.6887376312
C03,-14731573.241889944,39490186.76326496,-1005935.5182886053
C03,-14733761.710515046,39474783.15321438,-1091531.0324599282
C03,-14744764.941553269,39459362.043124795,-1102374.4767698727
C03,-14760578.269820757,39446292.467510305,-1037656.9495434712
C03,-14780036.97525451,39436108.862344965,-901781.8264525478
C03,-14801062.167690787,39429013.89494496,-704049.9894048104
C03,-14821836.9026474,39424690.77956799,-458034.1167068583
C03,-14841036.247683536,39422545.070489675,-180634.10367585195
C03,-14857897.858623635,39421980.978883244,109088.42373531482
C03,-14872119.00245005,39422641.15902762,391233.8146951863
C03,-14883655.720990364,39424529.8616213,646438.5696270741
C03,-14892484.071331998,39427992.52041011,857212.1373592166
C03,-14898404.881225582,39433559.67571562,1009138.6073196961
C03,-14900960.860618813,39441701.77519414,1091854.2951219329
C03,-14899490.381487308,39452568.573223956,1099746.4317553188
C03,-14893311.457359804,39465790.09249851,1032326.834112603
C03,-14881979.693179976,39480405.253287844,894249.962201513
C03,-14865554.489770703,39494940.670587294,694983.3058101446
C03,-14844787.650628697,39507636.16679021,448156.6871532749
C03,-14821175.075733356,39516765.375388585,170635.58137778178
C03,-14796842.351142338,39520977.09990969,-118623.74943721625
C04,-39596938.09667174,14321391.280549772,-1679438.9179726378
C04,-39604571.702029996,14302974.729813829,-1806656.990578573
C04,-39617647.404383294,14288813.2400999,-1810195.897813086
C04,-39634543.94899415,14281992.945465626,-1689879.5359199157
C04,-39652438.052031785,14284455.843397228,-1454022.6156906046
C04,-39667950.968780614,14296467.93218945,-1118843.905930729
C04,-39677962.273005985,14316490.609689675,-707336.8542630662
C04,-39680377.142105766,14341484.45417285,-247685.5633873598
C04,-39674643.98293288,14367571.47458117,228664.00461042766
C04,-39661890.69348757,14390884.491403734,689145.1905664187
C04,-39644645.57680708,14408388.37709715,1102282.2011428694
C04,-39626219.08919453,14418469.719194714,1439826.1864986173
C04,-39609906.90885406,14421153.059158135,1678675.2804948096
C04,-39598221.35427001,14417908.3389672,1802451.4641778509
C04,-39592346.707296096,14411105.058942132,1802626.9840313012
C04,-39591957.37060215,14403277.72953803,1679122.1508490276
C04,-39595434.615270354,14396401.539704632,1440329.4558585337
C04,-39600415.764068104,14391372.584532907,1102556.2751748613
C04,-39604523.71810211,14387835.317757484,688921.7941929036
C04,-39606076.143756926,14384391.330342406,227777.76285858796
C04,-39604575.28581255,14379135.021251103,-249236.67105261644
C04,-39600850.06661931,14370354.282351369,-709373.721491559
C04,-39596806.56354163,14357205.81393131,-1121036.714976342
C04,-39594857.10097164,14340161.274022676,-1455962.4661387205
C05,21912125.713932812,36026705.043685906,1020612.4054723763
C05,21917197.311697632,36016493.368613936,611780.4079391615
C05,21916696.959131062,36005063.03592736,161182.43568920926
C05,21908625.71958755,35993400.27284135,-300324.9397170834
C05,21891862.4093148,35983499.09301535,-741075.5141166454
C05,21866702.17178079,35977901.92031189,-1130776.7269647603
C05,21835076.136347692,35979024.16547251,-1442610.4333493575
C05,21800377.085911665,35988436.20845299,-1655102.4646857954
C05,21766907.72753699,36006302.56593424,-1753624.825739766
C05,21739073.913322926,36031142.73701015,-1731418.076391656
C05,21720514.869210426,36059996.15150655,-1590058.0072382805
C05,21713389.605182827,36088962.07921263,-1339332.972913482
C05,21717996.282935586,36113986.70439766,-996543.8964678295
C05,21732814.820997376,36131697.59081633,-585284.8240821126
C05,21754948.93253366,36140075.43927513,-133795.75977427544
C05,21780842.006970216,36138798.97021776,326989.0210010418
C05,21807075.6452217,36129188.11609317,765560.0538008497
C05,21831046.745314915,36113775.16838088,1151974.5309689906
C05,21851361.717581768,36095624.48687266,1459878.8669967721
C05,21867867.47181546,36077581.744914405,1668281.6843661834
C05,21881333.40029379,36061650.05136508,1762965.0120438363
C05,21892895.56407059,36048646.49460887,1737443.0411497015
C05,21903437.6698013,36038218.18781436,1593407.0570945758
C05,21913090.720556144,36029193.87596653,1340624.9119103004
C06,-8322397.332796833,20393444.895749032,36042375.965697065
C06,-12756736.786752166,21479829.862953026,34000771.699250005
C06,-16141204.46030999,24853344.268071987,29962650.77270626
C06,-17560762.899663612,29675330.459500954,24144304.494077224
C06,-16632565.429386208,34746427.16556244,16864033.397254676
C06,-13611624.21748209,38822672.90812433,8542005.511539452
C06,-9323643.68808938,40943945.5249481,-307192.787383283
C06,-4941852.56893586,40685706.47812993,-9094663.014847804
C06,-1667930.3917909455,38265165.20009048,-17192783.381120414
C06,-404261.7173350674,34472704.54829542,-23985186.77860744
C06,-1507623.6826187659,30447713.791077632,-28925785.294044558
C06,-4691957.829819133,27361084.147171587,-31598153.779022038
C06,-9106447.984891651,26092139.09842102,-31765162.33039495
C06,-13566696.849128207,26988571.164362006,-29399720.606807746
C06,-16875103.393894937,29774199.84977079,-24690661.17340654
C06,-18143071.777568582,33628212.39270114,-18022385.252649866
C06,-17028362.094123244,37412771.19105827,-9931776.640074853
C06,-13824851.453870323,39986269.4781121,-1049903.918962159
C06,-9382101.324851686,40517459.07106682,7961740.256668166
C06,-4877444.899554068,38716398.00154308,16470661.35866815
C06,-1501890.6318881991,34920919.73183576,23920696.894250583
C06,-143242.10782218707,30015733.94916442,29862988.973715745
C06,-1150128.9647263002,25205265.11652754,33970363.41796938
C06,-4239285.301254116,21699682.78744208,36038436.762546204
C07,-15893548.249383371,39089124.334914856,-2725750.4199408083
C07,-12543657.051477037,40017122.79525323,5592149.970310793
C07,-8819449.434283223,39092616.17688124,13606269.502187137
C07,-5707081.834847888,36429411.462702766,20778065.586182397
C07,-4027173.485010997,32617380.547010962,26657557.22179156
C07,-4216420.47110798,28573108.303431287,30903093.455151666
C07,-6211496.611734918,25302138.85955285,33288422.352849573
C07,-9466144.843986876,23635308.18901793,33700890.931165166
C07,-13097315.341291452,24008842.9951293,32135492.140921276
C07,-16121996.922902053,26346910.241184764,28688843.388447218
C07,-17721888.718736235,30078715.62567829,23555282.31687016
C07,-17464916.269184064,34286728.733287916,17024706.46360919
C07,-15423368.940256493,37947376.62846957,9479369.026087048
C07,-12155728.117271915,40200106.214608744,1385370.9575052534
C07,-8556086.96166255,40572294.30094784,-6725397.643252527
C07,-5611445.184187012,39098890.01890503,-14285460.091789955
C07,-4132917.189226286,36304172.14351578,-20733786.29430189
C07,-4534480.772597074,33050876.511152748,-25565929.884917386
C07,-6719967.482951544,30298541.549872052,-28385619.62803537
C07,-10109077.635790933,28837829.890414383,-28949585.29874483
C07,-13794841.584393661,29073773.799775586,-27197718.197346028
C07,-16789006.058844615,30916814.183982525,-23262862.837580834
C07,-18288304.696555875,33810404.54048343,-17458108.394452963
C07,-17889677.90006609,36886503.60653913,-10243513.895196768
C08,953983.3476233252,36586264.948005415,-20721503.911861666
C08,2071772.6968257662,31552282.3506719,-27768067.510262143
C08,213631.64093032613,26521591.52679622,-32710192.086112093
C08,-4123873.4285589056,22933936.590104748,-35116734.53457064
C08,-9773988.607126499,21796840.661942266,-34761560.57758104
C08,-15215795.052849071,23412586.727815505,-31655404.625161182
C08,-18984278.65249761,27299155.261248365,-26048631.865649916
C08,-20063760.584133763,32325016.47548975,-18403870.03929184
C08,-18159521.80210548,37020125.997033216,-9343202.52426538
C08,-13775783.219893014,39978727.82025591,420772.7368531134
C08,-8080134.057274668,40245686.37891165,10158277.221937884
C08,-2591108.095347105,37582941.886356555,19188548.860154983
C08,1227758.9319075686,32544668.153771766,26930075.92175789
C08,2359441.911939472,26340351.393085744,32930466.300032724
C08,506235.03686680185,20521139.941035293,36876530.368189275
C08,-3829323.821849039,16571917.141424736,38589426.7700737
C08,-9477968.05979802,15517276.575810652,38012224.64124832
C08,-14917062.728827834,17646902.066078853,35197384.96860329
C08,-18680561.976107575,22434961.07185169,30299512.72223623
C08,-19755375.002930023,28676685.943988774,23574968.34684502
C08,-17856498.52123118,34806775.191800624,15385683.282069411
C08,-13505325.763896434,39314479.66308193,6201157.668106461
C08,-7888838.124061523,41143207.00031598,-3408796.8357160715
C08,-2537446.4400548656,39966159.72021666,-12796895.424778452
C09,1906927.9647653229,22201808.236559667,36366194.877334036
C09,-2487971.939950632,21595903.645881966,36586096.76162633
C09,-6575707.83035598,23509016.05684246,34713524.78399092
C09,-9237968.752081748,27454956.951672684,30823789.28216127
C09,-9741241.24723579,32435418.41796359,25095804.05260918
C09,-7939377.366720397,37198073.1263329,17822799.630067486
C09,-4321042.400615219,40565983.2173416,9418953.079972917
C09,115607.19057791261,41751360.32832181,414289.91219110746
C09,4131684.4027619585,40567149.63089769,-8568439.547104342
C09,6588582.400880729,37474977.80444686,-16857418.22805287
C09,6766391.7320036525,33452642.51054676,-23793077.603748288
C09,4568422.370167955,29716337.49138733,-28798715.871834945
C09,551955.4561894794,27376130.184336722,-31448299.741423015
C09,-4224185.161951781,27123454.641002525,-31518618.478213377
C09,-8491079.882667376,29039604.795443192,-29015689.683311615
C09,-11116452.151999868,32577732.72959591,-24170701.285290465
C09,-11409304.355424935,36719929.66690178,-17407197.1388038
C09,-9300055.769046621,40261790.42539274,-9286854.540518172
C09,-5351082.074870327,42143674.35067966,-444643.0990790948
C09,-599805.8026043854,41738679.29418378,8475188.826643629
C09,3719743.664531882,39022423.04205783,16872806.78589196
C09,6501667.637176447,34583059.080691315,24230385.34611214
C09,7054969.264203976,29471784.12482541,30132249.520382117
C09,5279982.975244932,24933933.856742647,34270231.482071064
C10,-10168136.215710735,40251698.90617789,-8431821.70464963
C10,-7114080.638564119,41851452.97237685,-325279.17570031417
C10,-3313430.037522933,41652166.52403677,7892086.125267373
C10,247565.13929060282,39580917.08767436,15662178.820226358
C10,2654505.842832815,36063207.428349786,22493292.882480524
C10,3303734.367058813,31917306.67205179,27982948.619852405
C10,2058722.4290394667,28145635.423435602,31828199.28557359
C10,-715947.2560239667,25676884.07323968,33827121.70711135
C10,-4251864.044157427,25125030.47054541,33876314.31710313
C10,-7580854.964720077,26627683.778595638,31968830.799594615
C10,-9793579.27448805,29806857.693414867,28195211.748349767
C10,-10285089.858563315,33864527.4284276,22747627.97852893
C10,-8921406.27241878,37790234.24873348,15924343.97082562
C10,-6080281.766824836,40627353.15894419,8129609.183509251
C10,-2552171.6637128815,41726951.34567009,-136549.4683030222
C10,674214.621825133,40919349.465705946,-8302899.5564638665
C10,2684101.117682652,38554606.53641117,-15767168.823388407
C10,2890950.5230546994,35399266.498098984,-21948942.40054841
C10,1200965.9489937862,32417679.58308831,-26348457.392602835
C10,-1959040.20172059,30499642.109419737,-28601866.269005995
C10,-5758083.487801357,30211454.477028225,-28523216.234767143
C10,-9188196.797173558,31640072.14016717,-26125532.82183811
C10,-11338099.415068079,34372438.84990105,-21617415.94584626
C10,-11637621.167364597,37613299.37528841,-15376334.797786226
C11,-17709651.027332887,16959908.709209338,-13240937.561000856
C11,-21527816.087541524,17470530.84628345,-3041421.2732490124
C11,-21437108.61526229,15970990.216110772,8050354.297686515
C11,-18931210.906616267,11096021.200488005,17299426.937763907
C11,-16335145.669118926,3063509.224591076,22481986.52806301
C11,-15510708.637455458,-6281837.028197601,22401397.40964449
C11,-16841406.4684702,-14305372.573239068,17119327.286901418
C11,-19031844.28358723,-18865729.550059404,7880214.505078739
C11,-19825877.360004026,-19373440.7393913,-3218411.130172103
C11,-17265696.77238048,-17061744.028458055,-13713870.782965094
C11,-10821959.039198427,-14309454.19928932,-21313577.868361954
C11,-1781133.6015593298,-13357776.965046674,-24372497.340815347
C11,7332795.0048678685,-15098628.742602756,-22228225.245214146
C11,14000768.311069997,-18586427.66499402,-15337784.720668504
C11,16946953.25567036,-21539021.647430062,-5191894.152638629
C11,16705895.337742385,-21556936.360822782,5983780.6812378075
C11,15221523.285246342,-17404475.63674809,15693756.675132332
C11,14708635.673105432,-9674390.056632197,21720436.04955417
C11,16397877.825684043,-500675.1739909225,22642846.46293128
C11,19834254.600475132,7508822.8038310865,18206239.830035936
C11,23097940.200988054,12548564.729504274,9438758.593605548
C11,23831018.29048168,14432007.966321265,-1543408.203565749
C11,20529595.234503645,14526612.72286003,-12026673.574824255
C11,13411689.583915161,14851993.190442298,-19380302.236353587
C12,-26938347.243149605,6465971.2800160935,3334845.7276070425
C12,-24082097.158354487,3827805.5528226094,13595484.61123091
C12,-18873393.778511714,-1548210.6997348063,20530648.971705656
C12,-13770805.524948116,-9309455.157569166,22453687.770606853
C12,-10658605.294715334,-17564818.803175863,18928920.15771214
C12,-9882751.267304866,-23771054.95937115,10829351.59572598
C12,-10132026.636209944,-26011976.790195458,75671.93652158936
C12,-9224674.928166103,-23991250.193809886,-10851913.705466093
C12,-5379926.97957358,-19200401.487846524,-19495225.834541976
C12,1709759.3052657484,-14154387.8577846,-23955666.879605245
C12,10590215.209863098,-11086580.66525881,-23279604.295882974
C12,18706807.657254394,-10793204.081366912,-17630595.54994337
C12,23667215.94057869,-12245150.459843924,-8234576.7917131195
C12,24429304.687313948,-13176320.120298855,2879767.857189309
C12,21777379.517457094,-11333509.301306238,13297249.550622968
C12,17836880.81886036,-5720357.364735342,20719206.719024405
C12,14896867.560501266,2821677.4394226745,23464921.753235683
C12,14176170.673861897,11991897.3842585,20871794.716439053
C12,15190771.377342675,19157213.70918479,13497388.989269136
C12,16055953.43380334,22629488.565679908,3050831.1016388014
C12,14561140.883737404,22424449.48223179,-7966310.580348525
C12,9443280.912333824,20110724.44063944,-16851482.65940968
C12,1172166.1075986794,17843665.55198602,-21385478.702999074
C12,-8183660.466141888,17118239.163565833,-20420853.1925011
C13,5432935.49860914,38704304.61479048,-15257663.50393988
C13,7081790.9634923,34253260.22026162,-23151698.63703303
C13,5925088.96269594,29476940.60150848,-29254338.877508715
C13,2259411.6485833484,25770292.87976452,-33048806.232490566
C13,-2936898.394451058,24200758.137884315,-34203793.923119016
C13,-8269737.5040006135,25214333.468750205,-32615502.295785792
C13,-12307732.27120523,28514851.274596028,-28421269.489605203
C13,-13969082.034517938,33148417.48059237,-21982182.314535692
C13,-12811518.750049967,37768115.49148701,-13838182.100355107
C13,-9147997.02222568,41005199.3329089,-4644343.850997591
C13,-3959011.6772604566,41845290.47974884,4900042.426597216
C13,1372692.1519943944,39908346.72998162,14117786.546915414
C13,5432552.656456516,35558310.63776954,22406180.128061935
C13,7150736.861662639,29814302.421864327,29270410.54597391
C13,6085443.82519734,24087565.103591572,34337909.42414832
C13,2538892.554848126,19813648.264103692,37357846.640478194
C13,-2524108.688131872,18076309.923808128,38192647.71760211
C13,-7733653.30747437,19321814.999570787,36808860.56944421
C13,-11680853.891024917,23239210.641015776,33272925.850911304
C13,-13296099.877210539,28839360.6203637,27753969.5560144
C13,-12138622.365422592,34713551.16250963,20531619.740628917
C13,-8518691.06499266,39404498.33685572,12003258.182426168
C13,-3417471.540929531,41791378.888062246,2683165.891732934
C13,1776091.2802642458,41385084.09094934,-6813557.924403174
C14,-10370470.492261382,25183478.821531136,-6212947.840923511
C14,-10350225.72025557,20576824.097279247,-15780746.709902061
C14,-12224361.593981769,12873413.978508659,-21527396.6119083
C14,-16467992.16063819,4491646.787040745,-22052062.34542096
C14,-21833574.77367001,-2206200.6617250256,-17188089.035668038
C14,-25964914.205892105,-6075921.207031768,-8102902.705892741
C14,-26637537.497621283,-7659742.590079954,2953799.301961875
C14,-22958288.55183254,-8717330.866034405,13209547.451410616
C14,-15872803.278916089,-11091050.00301916,20087208.721025392
C14,-7705424.919916992,-15543179.935013011,21873606.205256503
C14,-982480.7462210163,-21212962.72464631,18146276.159648348
C14,2827892.0936180227,-25995105.833449315,9848000.503019381
C14,3990997.1133326595,-27637552.54812614,-990679.5979091015
C14,4245819.207854145,-24968185.253216043,-11783403.937195623
C14,5756811.151090608,-18587990.184772503,-20020194.5262677
C14,9840257.727379141,-10646261.542166194,-23839111.37488597
C14,16149410.689661948,-3797721.92343196,-22412968.95351106
C14,22762714.187392365,119640.54911220244,-16086916.700071834
C14,27139102.75606587,987040.9964602821,-6263968.661472682
C14,27434617.24224509,400672.0708497598,4917298.610693147
C14,23471254.3121113,754970.9205204325,15039370.296353288
C14,16832589.904062223,3900917.2669533105,21909076.452601947
C14,10036002.964061769,10097146.894071352,24017695.144827694
C14,5231974.886026771,17809379.155170422,20875145.596053082
C16,-12461658.870294929,18889916.03585346,35852118.76048677
C16,-16838105.810308807,20567349.981462143,32931574.1681079
C16,-19922340.663751666,24443163.01736658,28093633.336058136
C16,-20870893.243588876,29561157.050477214,21594722.362058956
C16,-19418297.756428204,34653464.18603003,13789222.110860443
C16,-15953982.750816105,38473087.026320174,5129686.765345373
C16,-11421843.850060567,40123609.2987404,-3841645.7217512876
C16,-7066627.031588424,39296354.11369702,-12515727.15596106
C16,-4094523.8248866573,36348565.04847258,-20256520.88787017
C16,-3341131.4164993134,32199259.68269566,-26455773.63269675
C16,-5039624.409851089,28070540.93787157,-30595974.80411055
C16,-8754671.063508732,25146343.92754196,-32311257.877985515
C16,-13500828.871395424,24244300.36355152,-31434928.604887933
C16,-18011845.054805122,25592285.58902283,-28024119.144020386
C16,-21085137.808806024,28770686.669768553,-22356322.233193528
C16,-21905974.458096996,32834076.846039604,-14898126.751696475
C16,-20263445.26112801,36576089.23542758,-6251873.113759991
C16,-16601903.314435003,38863079.174490176,2910177.1821197877
C16,-11897142.163419524,38945566.31180732,11913046.07171191
C16,-7393255.533743312,36664684.94944915,20137512.645354375
C16,-4271614.077061738,32500392.35240621,27062825.76457836
C16,-3339369.3442429006,27450339.84797816,32290828.244802274
C16,-4818299.895331227,22772056.92667834,35552956.31307739
C16,-8288174.878005181,19655738.320587534,36704911.921252795
C19,4803563.705776699,-27301141.586536016,-3049873.3769901497
C19,5019183.271849835,-26242757.318195395,8033959.600804997
C19,6508147.032655429,-21109058.682353705,17065533.362602353
C19,10555711.415602935,-13762187.415451735,21886698.649072405
C19,16768143.40567903,-6698483.573555939,21312764.8599337
C19,23197713.108940963,-1763409.2983884895,15463252.474643907
C19,27317085.00125942,731425.9591523414,5770947.268767593
C19,27325554.33689673,2027325.8411842752,-5353064.798646608
C19,23093794.06464833,4077989.9914425616,-15123247.616274836
C19,16242435.32926692,8315622.269324801,-21093431.41656241
C19,9307957.55319512,14704836.98238088,-21782345.317867734
C19,4437993.310771705,21614655.44297968,-17036272.52539171
C19,2314421.6858396954,26596501.08391834,-8034870.683478386
C19,1883080.6415108934,27658060.499026377,3045259.329220839
C19,1032952.5969406385,24342454.36833669,13596909.065846803
C19,-2148737.0077772504,18019078.141263943,21212187.406766642
C19,-8230581.194531505,11217268.84028062,24214502.24240326
C19,-16021072.411080642,6350726.813460272,21984060.59234045
C19,-23105887.92196765,4505478.248916623,15038794.20672328
C19,-27052188.35924315,4928443.741746508,4889160.478527699
C19,-26641883.794834338,5485124.881998278,-6284861.5714171445
C19,-22480352.399438236,3847996.7270296714,-16075066.560359886
C19,-16655540.744446462,-1207493.041599627,-22337407.33083628
C19,-11626564.546603628,-9083096.379335245,-23656177.38885317
C20,13835478.735458616,-20285130.941832956,13242027.009632839
C20,13590888.208965493,-13260816.81286185,20452256.725110393
C20,15531452.569817733,-4314063.433779665,22794828.638037942
C20,19416511.507860243,3933270.535427368,19682681.490483843
C20,23445345.08170509,9499404.82887104,11837950.577796385
C20,25209086.28136879,11961602.231265824,1162120.899714657
C20,22993321.1483547,12513109.672267785,-9707694.101727642
C20,16735501.882690405,13146004.717211708,-18055844.36882877
C20,8123198.101259813,15416290.084635966,-21785918.6617998
C20,-224876.70355095476,19471803.61592099,-19964052.35833065
C20,-6063166.627311418,23882121.505967658,-13052846.953340277
C20,-8614445.376106525,26374607.946400695,-2772319.6836625407
C20,-8870208.112429596,25083325.226021018,8364033.620498842
C20,-8937844.283071097,19628529.40072676,17696104.119692117
C20,-10792969.665182687,11427961.508822395,23061597.442411195
C20,-15117086.49405928,3055815.361802942,23273122.633333143
C20,-20850192.80496044,-3018658.123222675,18332396.115898408
C20,-25698346.95604406,-5647130.073659536,9368768.289665252
C20,-27324022.599281814,-5530540.063381497,-1647663.7604881998
C20,-24584600.522368956,-4779403.869657775,-12337446.645186462
C20,-18158733.159707762,-5734268.624967878,-20401457.55020983
C20,-10224187.446593668,-9665300.575184682,-24088511.86759203
C20,-3355040.5900944434,-16037125.709753972,-22566993.29114077
C20,775905.7624526499,-22729590.607190933,-16131797.51285037
C21,-15413518.627776101,76384.35641768851,-23246295.880256906
C21,-14792902.807013983,-9289321.192214152,-21736372.201210003
C21,-16032068.077615462,-17015875.209112056,-15196067.04195479
C21,-17338149.698120438,-21226990.67404101,-5145576.560512726
C21,-16444298.790844854,-21718598.95328129,5998789.162674638
C21,-11908702.017659541,-19913886.588849887,15501151.098661933
C21,-3985499.6842001374,-17957362.210871484,20997742.34111815
C21,5404831.507366503,-17458305.659080468,21112483.30862219
C21,13590523.28454017,-18575482.897092722,15819521.14632142
C21,18461165.165039822,-19939468.959266245,6448751.218855732
C21,19482576.44291698,-19450637.66074376,-4665168.566662317
C21,17879021.586109962,-15516891.138857827,-14787914.15178778
C21,15889715.589188172,-8054505.305880264,-21473759.66664906
C21,15499252.9567322,1303923.9283208542,-23151437.69279685
C21,17324595.832509223,9928556.793700747,-19463849.73555101
C21,20260337.821362507,15471614.77385861,-11297552.310664015
C21,22077735.173738237,17029442.23688217,-524641.7651739293
C21,20656761.347975675,15561518.81600503,10454143.906951286
C21,15184406.803601606,13333797.776786838,19245122.18362592
C21,6669267.9026294835,12678115.727473134,23960474.506467894
C21,-2505986.114950388,14726824.481297633,23592919.28757272
C21,-9753928.453554243,18792068.50076387,18213771.904982045
C21,-13550507.249317488,22713454.6359131,8969227.5693723
C21,-14131552.505967235,23986942.925545868,-2130569.793136511
C22,-7634908.558645189,-19144946.161535352,-18796366.206642885
C22,-7038807.828322449,-25095910.448357806,-9926402.66223388
C22,-6879067.41976234,-27005505.035730932,1102016.4190038776
C22,-4969325.510700787,-24837680.198504023,11678243.0265737
C22,34049.799135908324,-20205007.742157355,19237240.12261722
C22,7790480.955217079,-15428094.997920474,21909762.548168316
C22,16341619.248601036,-12262342.493885225,19020911.028922614
C22,23053004.993365772,-10986926.181870913,11287515.394940648
C22,25928819.656921107,-10343901.986703187,647885.0026193643
C22,24600288.57774413,-8349253.86518056,-10234999.492871718
C22,20463876.78017496,-3524868.9361802656,-18658749.561849296
C22,15898782.573397638,4127874.2234970485,-22563313.362211056
C22,12983657.014594361,12955028.641118238,-21024981.454592034
C22,12399380.552671857,20389945.957176637,-14442510.345732696
C22,13105957.33391412,24224532.730121844,-4389143.120415623
C22,12967741.671006868,23735225.674756587,6805178.067898249
C22,9989987.126682922,20052812.595057275,16616139.762509964
C22,3496229.100655335,15564631.681004105,22888386.426617388
C22,-5394173.351169018,12658444.190212151,24279120.82397511
C22,-14249878.410994139,12473410.419021387,20508852.286899313
C22,-20515595.535325095,14320036.762269234,12395212.304905903
C22,-22771339.79362534,16073898.863325858,1680378.3388599572
C22,-21394841.297985666,15332534.65869809,-9316392.592392633
C22,-18278855.18852971,10723998.283338793,-18170940.345107812
C23,17295484.134135973,20274581.07909982,8270157.895212366
C23,13017524.797916941,17448582.202541173,17454343.09561134
C23,5429368.441320475,14912465.367121534,22950464.7057863
C23,-3745757.9650645205,14440851.911800988,23581355.299139492
C23,-12000040.306757094,16296354.106936604,19213938.51324611
C23,-17265205.645522848,19091719.230775595,10782991.790289223
C23,-18903327.418691564,20532689.40946133,109907.47908007447
C23,-17938823.240504164,18647890.59038144,-10461088.31406401
C23,-16412518.720161304,12855164.801693758,-18556400.201057028
C23,-16209506.6830976,4303691.141335291,-22307765.283054147
C23,-17993919.25890167,-4680677.885735293,-20811757.755203653
C23,-20824408.919118647,-11743412.320233013,-14393127.96601485
C23,-22657994.79632966,-15629284.141174315,-4580960.172319552
C23,-21472932.080321584,-16695000.322338378,6227292.086946189
C23,-16406910.039605582,-16546293.401292615,15349409.878649238
C23,-8295844.863326937,-17013404.88865505,20501707.034623843
C23,680270.763433937,-19035999.87443092,20391992.278744496
C23,8058227.849264631,-22073716.97914811,15052525.01025135
C23,12294778.831685143,-24368646.650103834,5819953.42064681
C23,13472875.28756874,-23920013.34000719,-5025731.889146533
C23,13138298.497556712,-19640503.858606793,-14853060.09403887
C23,13360225.118452819,-12058967.683459993,-21331785.522563092
C23,15525658.417114004,-3174335.756478557,-22973340.689048942
C23,19519392.348122932,4478332.630240597,-19435713.3697665
C24,-16531337.48541703,4476522.425565177,22015868.689697575
C24,-22907600.353425898,401102.10879308847,15926370.15167558
C24,-27161904.019547645,-811089.9730989035,6382375.646423593
C24,-27543874.547887266,-609728.5016687169,-4541227.323209717
C24,-23842274.736197498,-1218493.8527652216,-14491524.97434658
C24,-17496348.874548733,-4388854.148707855,-21320498.321108192
C24,-10850841.63480255,-10405987.085019022,-23529827.308948897
C24,-5953464.088983629,-17868078.960426435,-20603122.868139207
C24,-3533923.4092040653,-24352135.402023282,-13157168.479074573
C24,-2706143.852107081,-27614983.437987715,-2858937.552256912
C24,-1551328.8055626273,-26697425.20006138,7908048.039492105
C24,1732640.456077682,-22351195.655924067,16582381.05339907
C24,7738935.119070508,-16571572.451999173,21051933.819508996
C24,15413011.309802646,-11501137.12588672,20205127.192780603
C24,22510593.606707804,-8307087.204598593,14244478.92092755
C24,26709959.0505043,-6640227.008449034,4659611.811928691
C24,26783396.89303634,-4958975.559936833,-6145069.709374319
C24,23202502.634973526,-1527430.197917535,-15468296.624349277
C24,17857605.374694023,4469075.731126672,-21001506.614907082
C24,13045790.131450541,12308871.356128436,-21399337.276148718
C24,10269439.347974533,19965817.134500127,-16584418.292216802
C24,9484819.915377803,25078778.417402532,-7723620.086048242
C24,9200297.324338617,26149676.69223962,3095316.2187845656
C24,7371315.05397672,23327700.721609056,13384777.634584581
C25,1245925.368862019,17698808.904341467,21518724.88325809
C25,-6451388.063840593,12954987.60867838,23845356.396673318
C25,-14993588.408012481,10471514.352429338,21070434.80927614
C25,-21887399.855312765,10444490.927410336,13810678.449347313
C25,-25202981.20132352,11441563.558385266,3635139.4695261423
C25,-24519654.35913266,11210604.055197306,-7261346.8472464625
C25,-21081534.47306553,7925353.153287581,-16506936.23384207
C25,-17085129.223362923,1209310.2648834547,-22050802.2208099
C25,-14484294.973388512,-7598950.921570815,-22621988.93231963
C25,-13952701.961394798,-16072529.027241956,-18051747.443040572
C25,-14557743.799163904,-21879500.963385034,-9369485.477946514
C25,-14320275.536065001,-23897338.3089469,1382943.6782217796
C25,-11360047.332715498,-22672998.11844123,11608151.8422227
C25,-5008239.850534983,-19995691.15979299,18787310.68526645
C25,3718208.803910706,-17829124.639155388,21127951.252258435
C25,12542638.187061423,-17195521.488068104,18040862.07300037
C25,19030920.935574226,-17623855.400606163,10303283.003636058
C25,21782196.728804823,-17460563.056322183,-142812.71121864198
C25,21074529.176329713,-14867138.741456494,-10699176.812815387
C25,18625876.342795376,-8953440.886734538,-18778487.291032623
C25,16605014.836048165,-420382.22327996267,-22442675.558943894
C25,16426426.35256253,8650594.772151293,-20846853.11574319
C25,17975403.704619113,15765483.42408512,-14392891.352624282
C25,19678564.089859966,19238918.893269096,-4582721.723523896
C26,-23932457.76925993,-10317345.492683453,9996744.487941114
C26,-25567804.28096742,-11207038.473042637,-685024.2729266721
C26,-23364262.829120945,-10343740.571507584,-11282431.603485929
C26,-17310838.385279194,-9992259.870163744,-19512263.598617718
C26,-9021926.369652415,-11886572.185335506,-23606658.009346813
C26,-954531.0582836512,-16264218.385671405,-22670965.694481142
C26,4806842.67742169,-21693779.79947476,-16881605.86826843
C26,7555383.655783791,-25786714.2329389,-7483155.697505675
C26,8224325.664051114,-26421042.872689094,3437415.9103466207
C26,8766937.755915659,-22832300.062381998,13383963.478538007
C26,10989568.239969091,-15995557.652793592,20019796.267964568
C26,15472734.283618502,-8102990.296011204,21743764.589609604
C26,21169456.168922342,-1429521.020311392,18119578.22281798
C26,25901357.21539011,2795551.344562246,10026555.30295368
C26,27485939.76852091,4907370.802081501,-530109.9067924873
C26,24889190.406850927,6451011.592514945,-10913918.974215982
C26,18786913.82992612,9165680.34063035,-18527473.22286676
C26,11237035.015683625,13874164.175362095,-21474333.110420465
C26,4638799.217079476,19890392.263963245,-19031247.778881885
C26,531137.2604151324,25276736.611434948,-11808366.791081904
C26,-1133318.4722582963,27824970.791408394,-1566174.6247140155
C26,-1852866.9020829413,26239898.930427596,9247706.732930116
C26,-3653159.5791022484,20882615.98235464,18107233.834230613
C26,-7875504.000992277,13655816.320643552,22998992.14018513
C27,25481208.08870692,691913.1277399529,-11390432.2712989
C27,19937805.65860873,4642886.653873349,-18990581.13445318
C27,13496202.529443407,10907569.6521257,-21876298.60861055
C27,8404584.965035433,18282069.13738991,-19354267.446987882
C27,5754874.338434116,24506693.71738605,-12056599.471775068
C27,4979190.616142962,27399860.32541274,-1743143.440562129
C27,4252545.095592968,26003018.16700994,9159834.630045157
C27,1584200.2349067717,21116049.449555323,18150672.31832062
C27,-3992179.514970727,14919927.092641827,23221025.902925555
C27,-11776900.393541297,9872236.140971636,23275525.335897036
C27,-19664216.605109747,7456546.396734771,18329564.24447116
C27,-25169793.323103614,7450002.799128922,9470785.325462455
C27,-26677153.81526063,8098767.567618266,-1386518.9108727754
C27,-24236993.104003668,7107399.207093065,-11899500.629883403
C27,-19494634.100347146,2916178.6540535223,-19778216.95328977
C27,-14789426.755954891,-4409025.747003297,-23270402.316047654
C27,-11911346.14829038,-13139701.705020173,-21561303.852800164
C27,-11178997.579005705,-20713455.55861283,-14999713.698463231
C27,-11329335.603116093,-24987955.813798934,-5077314.665144502
C27,-10276747.742744919,-25259462.721483245,5869199.735125469
C27,-6333419.691002446,-22513301.583910402,15194002.871312957
C27,768974.3127998532,-18786093.009537958,20597320.91172515
C27,9613472.431566076,-15998705.692625798,20725740.63994796
C27,17738392.509312823,-14902840.92796005,15542085.679397633
C28,14614096.877660012,12585245.37871062,-20165888.405731775
C28,6443585.043744424,16889657.067464713,-21254621.02044509
C28,-187989.9018039777,22154658.078746606,-16960087.36691114
C28,-3959291.430521979,26325842.357150774,-8355228.063667862
C28,-5223604.645377248,27300147.121965885,2455058.944023235
C28,-5699321.583483258,24088315.149975277,12883675.24374155
C28,-7426176.828423382,17421244.574992895,20498450.533064574
C28,-11554490.550969424,9458411.76423531,23578966.324170314
C28,-17623674.341704767,2739177.864750289,21468625.902856577
C28,-23721429.73590747,-1073885.7800220153,14667932.39703662
C28,-27441849.66501961,-1995890.1714581451,4681614.274824057
C28,-27132547.298090275,-1638979.490401986,-6324017.773821048
C28,-22764441.965626612,-2289204.586521232,-15977115.102848688
C28,-15957573.378214838,-5627230.62485644,-22187871.65565304
C28,-9147993.320852801,-11769839.853830265,-23586404.24092682
C28,-4341355.743922685,-19139086.75048865,-19833261.568152573
C28,-2119317.4535082616,-25226380.802978057,-11733761.615468923
C28,-1427936.6448812324,-27845132.804318633,-1109244.8855747504
C28,-257014.35703029457,-26209142.297898322,9578202.403946012
C28,3160156.749549101,-21271180.65761624,17787401.550812844
C28,9277751.38174522,-15156143.297226762,21521035.937990155
C28,16879014.108440347,-10009090.06141958,19847365.221570168
C28,23625323.09689836,-6886473.969650903,13169127.883231865
C28,27222951.972285137,-5285937.1444881,3149297.4745300943
C29,8450835.067395467,-19771618.39489262,17784304.64248858
C29,14369907.156709038,-21835772.712551706,9770955.435917059
C29,16720216.170368789,-22330714.335980624,-827734.1801657684
C29,16340665.431456253,-19544652.54055984,-11401936.767713243
C29,15220104.09856993,-13082881.209135905,-19396966.75628744
C29,15339930.538592024,-4226239.591567938,-22931497.022131864
C29,17541666.8788752,4605191.153773443,-21213722.557883725
C29,21029899.40309955,11011834.105595255,-14672814.084916975
C29,23779017.384870905,13788414.183612028,-4806110.6273766905
C29,23627552.18501806,13487730.015435472,6192649.64806657
C29,19473462.117733706,12068263.67615976,15924430.040390281
C29,11926094.562911524,11805226.468721572,22289915.182608273
C29,3060571.034910031,14039519.031277053,23917073.27382823
C29,-4597155.13404801,18427883.414604936,20442785.1483874
C29,-9313712.999538142,23091237.45599836,12602833.058084296
C29,-10958487.15805382,25581228.38169861,2106129.4037641897
C29,-10952204.196476372,24152276.88494677,-8702698.246828172
C29,-11387930.608918821,18667291.63963634,-17346501.192501295
C29,-13802538.50759148,10664601.349619322,-21789384.488144934
C29,-18263165.03055673,2563606.0403164825,-20947906.96215955
C29,-23262399.506288983,-3556473.0045862384,-15000336.321633315
C29,-26481766.327408418,-6950237.400246339,-5390738.85799481
C29,-26017468.702388026,-8447596.555655709,5499861.396638176
C29,-21412042.07604162,-9827610.449253174,14945968.290842926
C30,24176729.14745889,-13486508.513765391,3610528.6779585863
C30,24225715.998788007,-11834604.534788458,-7260258.810065087
C30,21307035.236547016,-7437325.524355121,-16442669.889069822
C30,17575711.2712785,-82438.91283656842,-21692309.50022697
C30,15087720.752379458,8832819.03207653,-21759040.171634175
C30,14695096.812818265,16893276.62958685,-16653910.208736392
C30,15611925.650558593,21836634.828754418,-7595870.7027549455
C30,15884249.764917687,22685424.675757248,3321098.7656103424
C30,13512412.59499729,20231206.761926383,13636854.197495764
C30,7619983.112873743,16599805.436582167,21079155.511946738
C30,-966147.0671816792,14118053.391561346,24041380.96687814
C30,-10043069.375660079,14081111.213565452,21897923.340524446
C30,-17094731.706714682,16075080.652034577,15115124.711928586
C30,-20523568.47508669,18212954.695058044,5151689.320589327
C30,-20396100.483636677,18156254.677822273,-5832143.808328819
C30,-18309930.420949064,14380209.186413419,-15414483.377061903
C30,-16459826.796614736,7015595.876473619,-21431045.919849105
C30,-16407352.890251128,-2170988.398800209,-22475637.57852405
C30,-18214681.246265184,-10639210.006699445,-18266599.763752952
C30,-20407774.900884844,-16317440.830705555,-9772184.764263388
C30,-20791152.653370325,-18567066.253025327,969024.9633007201
C30,-17678502.200537164,-18362742.2416547,11319470.367562328
C30,-10874880.835492117,-17606743.294065304,18700490.703345396
C30,-1876006.138307209,-17965652.532100584,21260168.37322507
C32,15425788.88141813,-21197.10319014626,23272409.169137854
C32,14890984.819180155,9321016.21941975,21706540.51530934
C32,16189826.551910566,16989144.83293489,15134594.886109963
C32,17513530.75215062,21142827.13255588,5080092.422913844
C32,16600363.902134042,21608906.65937435,-6048740.324755592
C32,12025881.28458265,19822186.375917073,-15524987.503173387
C32,4064721.682865391,17918798.365014333,-20987320.957298756
C32,-5344582.427679409,17485339.24589412,-21058200.54232989
C32,-13521375.562337212,18651045.40451067,-15715643.118784755
C32,-18363727.748924356,20021890.812107723,-6304079.122081988
C32,-19363489.69955514,19494040.383319534,4822457.155627676
C32,-17773412.558558613,15499482.95902155,14919000.078184567
C32,-15841918.339877078,7995312.430954437,21547789.24960164
C32,-15534500.29681648,-1355156.045466175,23161173.988565266
C32,-17433793.159890454,-9922765.634010294,19427142.82008927
C32,-20408312.742610343,-15390037.39577203,11244337.588511966
C32,-22225085.259552527,-16891766.451762564,479960.07458471134
C32,-20777738.75262681,-15412169.143092394,-10478794.97857141
C32,-15272840.70524772,-13220198.422139086,-19247835.177006382
C32,-6736292.006156119,-12632630.904461602,-23938818.242191013
C32,2438056.685109228,-14755083.213347204,-23538623.389718063
C32,9662865.205095096,-18868760.4293481,-18118153.720936216
C32,13430240.556104016,-22791089.017427344,-8835202.663625885
C32,14003160.101482734,-24020162.609138142,2280828.7232727753
C33,-4643906.872546972,27365317.076241657,3012026.680413538
C33,-4870439.056035279,26282282.145637892,-8049726.4983858345
C33,-6404107.428430782,21142410.065910146,-17056164.844260164
C33,-10509363.570164463,13809458.73197509,-21849316.37674087
C33,-16768291.269303119,6772441.58831326,-21240877.552132666
C33,-23212999.48592913,1862634.958291473,-15352974.458244244
C33,-27310998.136970438,-626770.0398454804,-5632042.243508057
C33,-27279410.09245418,-1950514.5125842993,5492898.0116412295
C33,-23022835.280503888,-4058210.19580709,15228034.110534187
C33,-16189684.575104898,-8357780.751074366,21137733.861342
C33,-9317278.54036106,-14783972.042247726,21765621.62381058
C33,-4526342.082316288,-21691766.617575724,16981875.078678858
C33,-2463540.3448809343,-26643453.57890935,7974889.22953588
C33,-2052942.1454020292,-27672022.139419556,-3087266.11514114
C33,-1182870.1743614664,-24342095.64027307,-13612886.631743034
C33,2045005.3804619156,-18030798.38641445,-21203637.7425252
C33,8178349.8456047075,-11262780.704861274,-24181866.758579083
C33,16004124.637274986,-6438759.449126316,-21922418.202550225
C33,23093104.79705382,-4625396.627091358,-14943934.78849235
C33,27014378.9744258,-5048835.82132216,-4768112.303121602
C33,26572776.92620907,-5564918.511258926,6409324.425220655
C33,22405770.80325825,-3859504.9783876524,16171925.378440674
C33,16619711.970854128,1258886.3461478327,22383090.839436006
C33,11663658.104867099,9160399.911711996,23647503.18305239
C34,-23354981.471938103,14410360.317763109,-5014076.992872639
C34,-23954543.368420873,13022293.882670773,5874817.03021006
C34,-21453087.10568695,8928049.100537121,15421444.267357958
C34,-17937001.446575023,1778228.0428627534,21282640.004516125
C34,-15507839.627140002,-7151705.179139657,22056872.555291843
C34,-15141605.16556998,-15486947.39611829,17591836.64254242
C34,-16182178.675723568,-20900189.145585813,8965751.972084628
C34,-16738713.151157958,-22270318.416555315,-1821064.8922326597
C34,-14768695.119604984,-20231747.956660222,-12339432.944806691
C34,-9260732.866496965,-16815035.13765252,-20278153.147393033
C34,-879473.9621157707,-14362279.559922963,-23925975.307821777
C34,8275815.713010746,-14286295.38878938,-22506307.20229519
C34,15674869.1574353,-16326568.991665965,-16321693.912490403
C34,19592894.006991655,-18695263.10973124,-6694395.255133688
C34,19924655.474269226,-19039124.795726404,4289945.91874625
C34,18142563.518225286,-15710889.496511083,14204711.514663639
C34,16422718.676451575,-8676763.657890407,20805650.753646627
C34,16412780.933193844,419480.8587690387,22552848.80096897
C34,18309739.45770571,9061987.591735438,19007209.916196086
C34,20745908.539682448,15099895.607707104,10987211.897278046
C34,21542784.95728422,17754963.574167583,419193.9572875663
C34,18924629.588350896,17872201.683012083,-10107245.249460848
C34,12537795.817857044,17299202.77161871,-17978839.00733452
C34,3727512.0768094203,17748772.074218996,-21226218.67418504
C35,-14107727.732456237,-12721394.51949945,20414782.541922763
C35,-6074244.135592049,-17299305.03821815,21023962.29853677
C35,242896.59372692672,-22645721.468851004,16308402.627177685
C35,3697346.284475063,-26652636.019682698,7448264.155573169
C35,4816275.887459651,-27299609.54506946,-3394541.020458676
C35,5395110.597982142,-23771043.017733317,-13638369.622664934
C35,7414238.142384726,-16966925.733597506,-20908914.56497885
C35,11863920.024747957,-9120528.733548312,-23572332.62475586
C35,18109661.516614996,-2711859.806360747,-21062930.354539663
C35,24141893.35129595,757989.7732774308,-13959818.667729821
C35,27583815.62307161,1486042.8837282585,-3825387.5077037313
C35,26924457.946484134,1194142.936903079,7142941.029207281
C35,22316298.03078317,2146950.8538176664,16575049.13421429
C35,15504805.425030435,5879433.147429377,22421060.504531287
C35,8925435.537067335,12312163.721466169,23387728.74211297
C35,4455092.842555857,19724970.731774323,19235538.39408453
C35,2489003.2338626278,25597949.11700474,10868508.6481194
C35,1832895.8662637488,27868141.020474482,177499.13724400182
C35,458981.8898017661,25936937.074385438,-10355604.18884196
C35,-3287706.614360272,20905378.70225739,-18224968.20449975
C35,-9683593.650918867,14930524.478634821,-21513624.999406554
C35,-17363129.572386086,10061998.791856052,-19394979.547943056
C35,-23944366.25129381,7188064.261856217,-12377919.720002428
C35,-27217485.184754804,5655817.381050075,-2209160.445440672
C36,-1084968.3772131521,-17859067.295556042,-21407530.586521164
C36,6483983.475969308,-12951452.138496967,-23840317.527361743
C36,14986521.045156354,-10260520.706628686,-21169718.079775847
C36,21935230.200486682,-10065103.271939402,-13987003.577207739
C36,25349576.095867306,-10997245.216646457,-3844534.3964476706
C36,24732070.192874335,-10817506.816959212,7067678.718569511
C36,21267499.609927278,-7657297.152427708,16372358.364667736
C36,17142092.012839366,-1068343.0621724515,22006751.54265084
C36,14353002.998523178,7674075.885211022,22684055.82044548
C36,13648869.440616928,16166988.949535714,18216006.574865684
C36,14167047.991772762,22052298.188090432,9609000.609030776
C36,13958398.97100122,24144911.1810446,-1117948.1780958578
C36,11116128.692751572,22925870.17729403,-11381910.27316512
C36,4900739.732473485,20152332.90883025,-18661069.61758494
C36,-3747695.8932356415,17810493.365041498,-21139100.317335058
C36,-12592127.297227276,16989525.13187371,-18188516.399197828
C36,-19178074.008193165,17293117.123137914,-10548114.783859693
C36,-22036788.476652313,17108894.520157423,-135743.8917196445
C36,-21370323.813444704,14585159.764562748,10453165.308883397
C36,-18854547.90934038,8774581.762588978,18615797.44074645
C36,-16671550.369675169,309833.720721108,22389385.195998948
C36,-16296720.423122885,-8770736.351930168,20903894.65136921
C36,-17693368.01280976,-15969076.291031385,14540106.13945355
C36,-19345126.19983209,-19549912.891215093,4783882.102175334
C37,23718897.837780185,11220970.65475005,-9461965.097008621
C37,25124909.36461077,12043773.53442277,1285699.331671118
C37,22703460.705945373,11084024.070206832,11823116.879629768
C37,16459425.138582451,10612046.295319265,19870460.45623206
C37,8028892.0148040475,12362539.114491213,23694617.35598836
C37,-114641.31848918907,16567607.307930749,22463519.599066705
C37,-5884906.480016107,21792637.218777806,16427397.108588751
C37,-8585813.033821685,25658323.42876683,6891841.775502535
C37,-9162673.835403165,26064285.12534093,-4028011.748049723
C37,-9574643.442621425,22268716.12002268,-13846907.685022999
C37,-11630469.48962861,15259723.087087734,-20268929.68547083
C37,-15916155.500118023,7233158.002760852,-21746744.44698109
C37,-21394082.120099608,466273.643268604,-17896881.99761838
C37,-25894380.54228173,-3806131.8399516344,-9643980.25290915
C37,-27240747.706148464,-5913843.559507512,971668.7968862643
C37,-24408665.263004623,-7401067.477754505,11294272.449642178
C37,-18091858.155183483,-10009180.585242663,18732584.860080015
C37,-10370227.790102955,-14562153.932094073,21428546.81663222
C37,-3657645.409470799,-20375807.49321273,18724314.202300377
C37,506095.4004649628,-25522963.929312505,11303056.452094879
C37,2175844.6859600926,-27818539.605849054,980491.6851489627
C37,2855386.0950749554,-25995694.39505698,-9776393.45524025
C37,4570472.577475665,-20435328.109312885,-18460170.486479297
C37,8662798.562550638,-13044670.694364974,-23102035.192829423
C38,-6220316.224891584,32007802.067064963,-26591385.920439135
C38,-6757345.475730951,27273629.61088397,-31326818.839677416
C38,-9792778.107813878,23283885.07648724,-33673403.47432836
C38,-14512721.500360506,21149681.973575428,-33398504.641485244
C38,-19648307.804779086,21438690.219598737,-30487233.119219154
C38,-23818563.717270754,24023230.34189453,-25152512.127754807
C38,-25902762.860959236,28119307.526026264,-17816777.129839834
C38,-25341644.42711576,32505037.7437927,-9067616.480834054
C38,-22286705.715543535,35858423.653496176,405402.3193726806
C38,-17558155.855161514,37122606.662263304,9882196.454192858
C38,-12423654.962821288,35799872.54987082,18680523.572211877
C38,-8257763.040632382,32095287.428725474,26211478.585813843
C38,-6173471.003533527,26871333.442310367,32016028.971890047
C38,-6724225.452523619,21425381.483525176,35781139.510825105
C38,-9755862.236611802,17148966.148088563,37338487.58439269
C38,-14447976.002894081,15159309.347439954,36651926.18575141
C38,-19533917.292221118,16001188.337177495,33800981.51287842
C38,-23640976.09531525,19498986.588263035,28966607.338505942
C38,-25659917.912565082,24799205.835491512,22422568.727848165
C38,-25044609.438602027,30593083.208304014,14532084.079324275
C38,-21960603.970756236,35460573.618534446,5745861.447290745
C38,-17241780.7178698,38243876.121369705,-3404494.0111008845
C38,-12165910.694216859,38350122.8528546,-12323825.216180388
C38,-8109353.501716012,35901546.743265145,-20385527.502035495
C39,-17511627.811526854,17960773.877446357,33886314.27670198
C39,-21509298.335049476,20785904.663519666,29656377.760458525
C39,-23739610.374109287,25439232.643130396,23673197.49434193
C39,-23601362.554687012,30769822.984628156,16271442.761270596
C39,-21135747.326857336,35466865.51431644,7876552.00157961
C39,-17016553.454030022,38405630.51034027,-1002287.7662383745
C39,-12368075.891472189,38942961.52986588,-9789116.35674075
C39,-8459760.077992804,37081924.62654703,-17871891.979250796
C39,-6360901.44786268,33460905.40678938,-24647200.749585595
C39,-6649944.831289858,29170768.485006038,-29575140.17789333
C39,-9257773.489937607,25450999.79892088,-32236877.253702167
C39,-13487223.738298733,23348640.370929733,-32385300.085387982
C39,-18202580.440869406,23433229.809135146,-29979339.921189517
C39,-22136649.713954136,25644690.78164917,-25194960.04981146
C39,-24231801.87996688,29314131.329107042,-18409943.564946957
C39,-23923202.65250609,33350446.94076994,-10164461.217323655
C39,-21288935.4402604,36541220.91565627,-1103809.4697252216
C39,-17027886.52993797,37886439.9088795,8087331.357166628
C39,-12272222.762963504,36875485.89871797,16748894.611045903
C39,-8284901.194693838,33633428.06999396,24298780.08113768
C39,-6122705.075305881,28897415.808738593,30269754.94283568
C39,-6354196.269981126,23828863.671060387,34328153.07003138
C39,-8907531.976139162,19710482.04470285,36276594.857516535
C39,-13089031.09869566,17607916.785124373,36045874.38385058
C40,-23320828.22363853,35292244.79775067,-1692752.5136536718
C40,-19179385.869162448,36977558.37026809,7557202.254266078
C40,-14357313.184458073,36320790.602242105,16309598.195679786
C40,-10133455.328987211,33349828.005075503,23969675.814019058
C40,-7627753.344371288,28725975.625227712,30056443.117917906
C40,-7502011.308757213,23577305.441289216,34223976.52101952
C40,-9781998.917788098,19205092.720519736,36266118.24956249
C40,-13849073.772675594,16740385.248179588,36109266.552670285
C40,-18604833.700045045,16841982.044120207,33799461.93374115
C40,-22765944.595134255,19517280.521943603,29489539.35441437
C40,-25210569.94337642,24115541.743830193,23429948.221674856
C40,-25282738.74349797,29497111.642314285,15963626.835567906
C40,-22971293.041808493,34334218.524094686,7522080.014063525
C40,-18913620.194178022,37462427.266836874,-1382396.779082194
C40,-14222327.430719083,38187245.71827265,-10173802.859119361
C40,-10182015.651573472,36462322.696012996,-18242620.152769044
C40,-7899371.722503487,32891078.59828547,-24989576.22525448
C40,-8002554.477815325,28552463.14749765,-29879387.645506322
C40,-10471753.919721708,24699885.277825873,-32497268.741426274
C40,-14646162.39311514,22416554.100686084,-32598885.223792784
C40,-19404062.024175465,22321250.006928258,-30144495.302395537
C40,-23465982.3133161,24403515.436486345,-25310312.17355189
C40,-25738535.50817384,28031256.932238046,-18474096.093680654
C40,-25606802.60822755,32127031.66019224,-10176694.158730676
C41,7160709.778052899,19992209.58994498,18172647.370228723
C41,6609928.732789025,25592414.374084815,9035938.48359149
C41,6367262.481118076,27098765.86549768,-2037888.4735687256
C41,4271089.205916106,24593239.414589968,-12434490.09842649
C41,-930129.634590502,19760554.442946948,-19627419.547159143
C41,-8780385.640750421,14920835.34831093,-21823473.44360806
C41,-17237915.326805476,11761389.444377905,-18454862.96880008
C41,-23663619.22019367,10462749.60687349,-10359659.853657216
C41,-26148098.799478106,9696189.844386112,420617.31001668185
C41,-24460947.067973286,7484850.2329373,11175597.418323398
C41,-20113563.595527396,2441319.9700472453,19234178.914449126
C41,-15511864.216030544,-5308955.173891937,22638147.098549817
C41,-12663232.861442853,-14030137.365367386,20599242.859438654
C41,-12129318.53102053,-21165776.55389885,13639150.61717817
C41,-12775687.778439147,-24603813.689321928,3408865.5136956614
C41,-12446846.290126102,-23750648.72039352,-7737724.053963648
C41,-9208344.882342754,-19838810.383571338,-17296728.141581662
C41,-2492723.8512823116,-15286884.404697716,-23164277.291066524
C41,6473196.924676251,-12432961.461839195,-24072405.261662554
C41,15203771.001013167,-12308447.370680137,-19835507.86650441
C41,21175448.603576973,-14110275.75494336,-11373702.80675847
C41,23077947.114685256,-15658687.287534714,-517512.98334565596
C41,21421396.58921852,-14594498.312563369,10369232.262906127
C41,18178779.88902647,-9671920.598920157,18883011.268136892
C42,-14415143.89157348,18801218.30389083,-14725262.246633718
C42,-14161038.641109917,11277944.17532186,-21197677.37160433
C42,-16123281.274695776,2162497.3290101583,-22622757.654877234
C42,-19865999.371342856,-5919965.098321493,-18618103.8653996
C42,-23466331.359821264,-11120256.323384603,-10123537.101985523
C42,-24546425.1425671,-13213323.863147184,784209.4419335169
C42,-21577893.878011186,-13544267.612044834,11394068.11746279
C42,-14749616.50715767,-14122879.604365788,19052040.66889673
C42,-5931321.556839468,-16382063.176891193,21846378.90544005
C42,2242542.9200421865,-20288503.111558147,19092588.90717194
C42,7677038.5992827155,-24290812.59306677,11489310.647947624
C42,9820307.268858599,-26134076.21549181,915331.5027841434
C42,9841456.807014443,-24105132.009146314,-10063328.187705824
C42,9892170.333585924,-18037745.203149542,-18835401.125453714
C42,11846079.640508274,-9523450.385493705,-23365495.639039796
C42,16193718.20620386,-1190011.734265381,-22643546.832311027
C42,21695842.3155691,4587747.756879447,-16870106.928878315
C42,25992819.107509777,6862412.377004572,-7360193.719556373
C42,26846606.01323321,6540975.309791596,3784843.7581110843
C42,23342817.523934312,5830449.857068994,14146513.3383599
C42,16401795.831308946,6998711.4323257515,21496427.957924955
C42,8327006.831527298,11113440.972427081,24249457.83968798
C42,1639408.2198802638,17425073.708021473,21791423.860120308
C42,-2178870.024311185,23710304.76631386,14628892.241315832
C43,-8889983.55931538,19858430.01080691,-17478051.610695858
C43,-14695771.67353395,21795767.973784037,-9348291.203804951
C43,-16952633.26305836,22114311.30113621,1264476.7649101545
C43,-16530945.33177161,19146383.542443674,11746004.091530086
C43,-15417338.011490839,12553123.48635624,19559194.76204214
C43,-15557741.042699067,3656686.3009387353,22861686.503705755
C43,-17742831.56583149,-5118669.701092256,20915651.395845097
C43,-21140359.39900787,-11411444.916286347,14206034.907077178
C43,-23726746.316917922,-14077464.31876724,4271484.459983257
C43,-23384433.19193516,-13719169.147274107,-6679728.065180267
C43,-19074145.678042978,-12305162.774769183,-16263558.393814288
C43,-11452322.962628648,-12077834.686090533,-22418017.247446544
C43,-2601812.267473222,-14324061.29996776,-23818401.590210963
C43,4983047.084480283,-18656394.111060265,-20147671.464576885
C43,9619900.185389308,-23183629.42847232,-12179530.641023248
C43,11222059.074028285,-25482246.135978296,-1648936.1378409776
C43,11226258.340851238,-23857272.61306372,9089092.14784507
C43,11705729.567281872,-18226252.188297257,17567768.74143053
C43,14150341.248330075,-10161437.903908025,21785717.8341441
C43,18577250.606156282,-2078699.7949013244,20714429.933519334
C43,23455726.10509006,3981329.966598698,14593789.482842658
C43,26488118.359911196,7323504.547305911,4916118.018249431
C43,25827416.553765647,8808398.698625538,-5919846.1412504325
C43,21078237.640341014,10207793.364136804,-15206830.218080236
C44,-25404878.031821664,183374.03116442735,11490975.154943602
C44,-20006197.62854118,-4053132.200339355,18996310.900599174
C44,-13831964.164979324,-10589684.162420912,21780932.598030813
C44,-9059315.07686635,-18125703.444950808,19178307.77437311
C44,-6665764.402825151,-24377804.989830766,11846291.75244208
C44,-5986554.203154277,-27227558.398689784,1555533.5255774478
C44,-5172366.725485667,-25827858.61549543,-9280073.810039394
C44,-2293412.012563177,-21069221.35914655,-18189327.5904878
C44,3508296.4028789476,-15146847.633235427,-23196266.860711485
C44,11439423.303065144,-10447508.41394255,-23223470.716126066
C44,19362778.089910056,-8337403.258737416,-18284274.671440624
C44,24834496.753910594,-8488431.200332021,-9452080.001666583
C44,26324221.322546136,-9101740.932076925,1371360.9273647554
C44,23968590.79101458,-7916058.504409414,11845427.404968988
C44,19452652.550606657,-3469129.400641814,19675238.276224308
C44,15082242.568754189,4058637.60374233,23107924.609387163
C44,12549156.202541238,12866079.146468356,21341737.861830607
C44,12055869.384148292,20401169.689904876,14749967.529637147
C44,12267946.301679311,24610121.78729848,4846716.4797840025
C44,11113091.983802779,24902936.874264684,-6026437.928582584
C44,6991214.202061505,22334296.347155947,-15241879.767364731
C44,-257738.31550654385,18923848.8326824,-20532465.663714297
C44,-9149447.596975205,16498839.437286742,-20575591.48408419
C44,-17228367.0503102,15691039.081179302,-15350940.921266
C45,-16797820.992798686,-20454308.211858433,-8891784.814684397
C45,-12386582.270106692,-17444649.1174674,-17940825.0234113
C45,-4691877.081857215,-14800635.528287333,-23202360.509489454
C45,4515038.474001061,-14284226.049408933,-23551061.23486834
C45,12702091.786657404,-16114787.362585569,-18911261.040546797
C45,17812337.244491607,-18854513.431824323,-10271729.517297141
C45,19251108.582730453,-20177939.547559366,502843.3291506126
C45,18099133.49803328,-18120982.786456358,11043428.010754686
C45,16439194.282610197,-12148291.13836737,18978227.61739728
C45,16162161.96706905,-3474248.413236696,22471967.697282642
C45,17900119.089279134,5525605.12640412,20681424.115328137
C45,20663605.043097146,12489309.261925407,14004301.627742348
C45,22377444.59691427,16198996.477493266,4034403.7400244777
C45,21025045.26357793,17070948.788395256,-6793459.104238863
C45,15784813.908004412,16760485.139268713,-15796492.779312016
C45,7547530.46679556,17114918.63433764,-20724440.4830034
C45,-1464695.851186469,19055706.76701223,-20341212.05475327
C45,-8778286.319480255,22003986.869127776,-14743887.681058493
C45,-12875725.230461158,24167120.85525395,-5329725.693934752
C45,-13890329.876732012,23536079.339266524,5576467.323558806
C45,-13419059.373913452,19052379.88006806,15324616.2235621
C45,-13556776.724595426,11301378.568323173,21599087.96608057
C45,-15676739.157884888,2338392.9558895705,22958493.288625486
C45,-19619760.85094573,-5276794.230550409,19129604.602007
C46,15827071.094800431,-5088445.879163142,-22420987.15464632
C46,22366072.604757577,-881455.4114718111,-16655442.664564237
C46,26919912.486845147,415924.69755157625,-7278991.3464203775
C46,27639676.89474712,190879.15012248192,3671659.147359367
C46,24200160.18201565,681501.9974982002,13830594.489135992
C46,17973454.93157563,3718642.79101089,20994482.560995504
C46,11314364.408275569,9683096.61760289,23587541.91022912
C46,6343038.75216565,17233531.65594603,21013729.00124025
C46,3880231.2082734467,23945645.90548762,13820521.57226568
C46,3102866.232266997,27517221.71404262,3622529.138818577
C46,2096126.5582226953,26899187.13424902,-7224958.094761067
C46,-1002491.9716630498,22761826.85360325,-16153542.087854642
C46,-6885590.918590251,17065753.573200364,-20999411.57009252
C46,-14586501.836579755,11983861.254348274,-20558084.335829943
C46,-21885097.75424598,8760510.544903062,-14921299.770138955
C46,-26400115.451574337,7121129.026037386,-5487125.046143187
C46,-26790860.019237034,5546296.56160585,5379264.284913395
C46,-23425814.263612527,2254424.913621702,14952020.190731063
C46,-18156734.525114153,-3653541.055146362,20848921.81873333
C46,-13319548.10293077,-11527896.802707702,21631477.850089647
C46,-10502732.874977179,-19362529.406709995,17136816.26061935
C46,-9746591.30610201,-24755070.85899381,8468420.650653169
C46,-9598979.773507016,-26123725.831906784,-2323153.2907424155
C46,-7989641.31136085,-23527185.476259872,-12759283.178184293
C47,17002657.24247341,-17932801.089325305,12984936.332531724
C47,20798181.467634995,-18383222.293473195,2958667.95668203
C47,20889012.19728148,-16721924.55807425,-7946369.554131503
C47,18744875.56548197,-11700774.766541671,-17047371.769798845
C47,16583108.945982702,-3622383.0125662633,-22147579.924566515
C47,16125105.921087043,5655182.993556514,-22054821.687528357
C47,17643369.388308324,13562054.459122583,-16824390.74723677
C47,19812810.90987007,18071008.899935946,-7690495.5539227845
C47,20447617.87439513,18696741.42115502,3266397.9775161864
C47,17727311.071630146,16701511.607816309,13613587.843842182
C47,11249478.60242503,14388483.437655145,21099503.60056454
C47,2338710.0447757817,13852675.886965014,24117308.11971088
C47,-6557375.030064463,15850829.343866,22021602.175261673
C47,-13063970.899374241,19387799.48863943,15255557.000478676
C47,-16031307.335825678,22236247.733009145,5272078.460717081
C47,-16033148.939354971,22113718.58226106,-5745852.54583794
C47,-14950484.701185895,17895636.842168953,-15332615.666761782
C47,-14868005.076256009,10226017.466115205,-21283288.62536257
C47,-16879328.945872676,1209756.8585289149,-22181552.22697013
C47,-20446091.577529836,-6640587.868903919,-17780147.180748668
C47,-23658632.96279565,-11636870.242464509,-9116729.473491946
C47,-24261147.329045083,-13670568.532602677,1695530.410695754
C47,-20890852.579009857,-14097698.693050915,11974132.87345562
C47,-13862498.356969144,-14833551.845277587,19146543.6286426
C48,10584818.416576935,-24982806.180610422,6536032.398389364
C48,10720454.265330143,-20266719.013541616,15919837.013368787
C48,12703290.242883567,-12571954.604725862,21443237.932037182
C48,16941651.006326534,-4281175.810847913,21769740.58815608
C48,22176616.912191354,2322186.755861342,16792682.611879755
C48,26105893.04250317,6167019.9542599,7710792.623133294
C48,26592708.30290928,7818105.180291245,-3233800.033506679
C48,22814168.021399762,8996433.805477796,-13306517.021853073
C48,15732458.91297772,11471214.33468159,-19979434.85990979
C48,7632812.522554506,15939330.37541463,-21583899.40574006
C48,972804.0718398762,21514884.155664466,-17731427.849103518
C48,-2842417.1903284388,26118688.076600026,-9388912.889045341
C48,-4105235.3781459546,27565394.079132307,1399985.2658031294
C48,-4529805.314688659,24761304.16372246,12053064.145932
C48,-6210275.471395388,18358361.45686165,20087998.176744394
C48,-10379854.139110945,10498294.223003415,23691623.27715148
C48,-16642664.041684218,3769344.9718524576,22092595.90327476
C48,-23094009.407587897,-78733.9442228126,15679266.88201053
C48,-27268181.933897484,-983786.3792456673,5870815.597109567
C48,-27410538.981187414,-533720.040995754,-5206540.476257636
C48,-23395279.659174934,-1057978.5013120682,-15165982.602715628
C48,-16796633.198670156,-4325609.5639743125,-21850078.814614043
C48,-10073377.941375328,-10538911.639353188,-23783229.65825837
C48,-5302771.9600402,-18156004.837073464,-20505782.09164806
C49,2796816.093328895,17872184.33037462,-21256039.354706608
C49,-5103681.697489562,21305994.56484242,-17285975.658882163
C49,-10082579.836655967,24454919.015061583,-8878575.613470849
C49,-11855696.669827154,25183323.99765715,1885899.2988263527
C49,-11749308.292937925,22061352.24593303,12387462.105672408
C49,-11873714.124135481,15237870.646023778,20125521.89295904
C49,-13885617.641181806,6489680.176144098,23311672.62907869
C49,-18011009.631297626,-1598289.771651475,21252121.17520361
C49,-22858599.57742434,-6895872.469017537,14450495.06747657
C49,-26126196.64638159,-8765450.411013417,4441306.057512978
C49,-25821651.56099493,-8322321.702771462,-6578569.847614103
C49,-21343461.881647773,-7776178.774929245,-16227051.272411315
C49,-13841120.124065412,-9199672.021267287,-22428149.972446997
C49,-5661183.433463666,-13374265.656490866,-23835065.615772415
C49,826399.5526832392,-19322406.07136296,-20117903.48255346
C49,4397681.782504314,-24772107.006337892,-12062593.088744344
C49,5518748.404363332,-27308397.143544346,-1445010.4798232254
C49,5976706.642431585,-25603649.283731006,9323144.89874246
C49,7799579.117384401,-20077963.39129706,17727397.86571285
C49,12051535.253197405,-12647455.71043876,21752735.22211462
C49,18158155.853372257,-5709088.546082998,20403936.256414875
C49,24129502.830020852,-917381.4028940578,13994389.78989132
C49,27564196.932284176,1589076.8441796456,4105106.3505577045
C49,26897850.797173873,3105330.6946204924,-6794914.5333868805
C50,-16371966.964055736,9511256.814549318,-20493147.21084422
C50,-15976511.866046086,462384.3659514172,-22866333.32498801
C50,-17650347.034525946,-8447708.226591086,-19884673.62121102
C50,-20176482.930305045,-14896822.833475014,-12221622.572055943
C50,-21359012.65336298,-17871880.279977586,-1707656.4223317702
C50,-19245381.74062967,-18049906.478114527,9084912.720525261
C50,-13241588.211361492,-17267316.679604203,17476024.98632388
C50,-4517293.001924391,-17383911.196758166,21365026.955083944
C50,4519648.823104813,-19172346.85664612,19777807.440886337
C50,11400534.22035352,-21843501.204862252,13117375.213452807
C50,14799523.483699838,-23468315.0331266,3048731.960373094
C50,15125725.70562408,-22068287.12873977,-7943659.126851465
C50,14192090.585568966,-16780669.21941671,-17194817.94948314
C50,14142924.580359038,-8456966.717556074,-22514712.93241977
C50,16219784.95939867,646563.9935803127,-22689651.64934002
C50,20032820.011206664,7939279.93139195,-17718633.417169712
C50,23732869.044474997,11766849.627824137,-8756283.766705098
C50,24994606.8275444,12206819.421663629,2191930.5467380267
C50,22282991.765165903,10960796.15740555,12730538.239123194
C50,15720653.463909175,10394753.597908178,20584937.32577617
C50,7087993.505734957,12234261.683657216,24065911.682573296
C50,-1045552.2839257694,16605638.312262712,22412805.38270514
C50,-6595844.953060968,21929002.953790255,15962024.45032732
C50,-8966461.279893802,25717395.123241182,6106305.499183231
C59,-32326701.93517487,27080643.712089483,-599842.0961372453
C59,-32308420.728205383,27083738.836763218,-1100563.0354989476
C59,-32292168.00294391,27078715.19924727,-1526138.2428747504
C59,-32281450.96892433,27067346.77541816,-1847408.112046274
C59,-32278355.133286066,27052870.40802092,-2042343.868788478
C59,-32283039.523825105,27039096.327736545,-2097561.3760558143
C59,-32293745.46903471,27029383.630962986,-2009246.200937832
C59,-32307308.651382115,27025760.10513212,-1783421.0131858946
C59,-32320032.174480665,27028418.994457774,-1435539.07699807
C59,-32328682.94397384,27035721.185260296,-989429.0286521093
C59,-32331346.616385143,27044698.19256512,-475663.64192580327
C59,-32327913.777930018,27051914.198256478,70536.05413737633
C59,-32320070.20067365,27054454.350286886,611717.9980948824
C59,-32310795.64132182,27050769.733458918,1110771.4388739914
C59,-32303509.312741637,27041149.844789,1533477.5460073305
C59,-32301090.320736248,27027692.107284497,1850860.6761936827
C59,-32305043.173302863,27013771.69969703,2041177.8172616332
C59,-32315035.58820056,27003152.80104589,2091408.1067095047
C59,-32328935.774401158,26998973.361486454,1998139.5854854477
C59,-32343346.406447966,27002880.431298558,1767793.797858856
C59,-32354493.905084424,27014548.184867248,1416176.3039472217
C59,-32359237.83189805,27031708.69078396,967386.240641008
C59,-32355929.766785007,27050696.071999256,452163.3955079967
C59,-32344888.55372231,27067362.13276715,-94214.6000970537
C60,7292147.3566986555,41527669.66693785,-660126.0579784763
C60,7298147.839279334,41513650.54282461,-1119340.6515008828
C60,7296347.0359465955,41498529.991249576,-1501802.859664838
C60,7286910.21614382,41485787.89670545,-1781289.2361363953
C60,7271745.856342292,41478377.98464951,-1938624.5893323866
C60,7254175.983916622,41477815.794564314,-1963007.3747064841
C60,7237589.911033945,41484241.04800151,-1852740.8897598812
C60,7225332.673639296,41495864.294339485,-1615382.1396275568
C60,7219453.011835385,41509727.02005233,-1267206.7886391622
C60,7220322.853469623,41522422.59892138,-832099.7493781173
C60,7226614.303871159,41530995.590003915,-339906.9586857635
C60,7235746.230154348,41533707.61952507,175620.01857586534
C60,7244630.101591667,41530472.10018904,679143.429626645
C60,7250551.28646594,41522831.07646675,1136164.4942535567
C60,7251937.04368741,41513486.72020356,1515386.802893391
C60,7248763.029437578,41505527.41187779,1790854.1258451429
C60,7242528.909534212,41501554.22966713,1943721.8451189843
C60,7235818.935742517,41502946.915821,1963540.1346333276
C60,7231522.850767568,41509477.876474485,1848965.1329497988
C60,7231982.306261471,41519368.30898718,1607849.209648454
C60,7238294.147507836,41529766.2272228,1256702.1095153147
C60,7249920.176636108,41537539.11895803,819563.9773602239
C60,7264757.9470692165,41540133.52656123,326364.63410122297
C60,7279653.17953105,41536290.1439198,-189125.82834609455
