C06,-7287.700211,23584.105371,34285.241577
C06,-11800.726419,23889.294153,32724.569533
C06,-15553.428942,26420.081564,28927.322676
C06,-17531.273909,30489.169672,23146.242294
C06,-17200.156995,34991.532500,15772.467237
C06,-14652.793918,38702.091973,7310.101672
C06,-10585.640273,40607.890868,-1658.006876
C06,-6111.130496,40184.356451,-10511.041095
C06,-2455.473708,37539.521893,-18634.519699
C06,-624.406770,33385.867845,-25464.601172
C06,-1128.707409,28846.996020,-30528.725228
C06,-3844.911142,25152.163640,-33479.243558
C06,-8049.131155,23302.645880,-34117.397593
C06,-12613.957814,23801.191980,-32405.978615
C06,-16313.799225,26517.737752,-28470.089525
C06,-18155.117780,30726.595551,-22586.456451
C06,-17642.387992,35303.518297,-15162.590815
C06,-14909.105105,39028.291248,-6707.714606
C06,-10680.130771,40911.144842,2202.275021
C06,-6076.777954,40456.047881,10963.378831
C06,-2317.349159,37791.570568,18983.198478
C06,-392.816176,33635.405059,25719.479626
C06,-803.362674,29102.419977,30715.375958
C06,-3425.348192,25407.079278,33629.505300
C07,-16579.647863,38005.604474,-8238.254549
C07,-13484.058315,40094.869432,-85.323507
C07,-9760.083686,40378.826981,8073.472263
C07,-6394.683124,38788.640394,15684.996739
C07,-4276.648069,35756.014023,22233.753365
C07,-3960.010549,32097.142950,27275.604092
C07,-5516.742250,28794.376005,30466.972179
C07,-8517.807531,26733.445256,31587.856965
C07,-12147.906661,26465.963613,30557.236314
C07,-15423.924851,28060.597398,27439.730845
C07,-17459.296190,31083.287215,22442.788810
C07,-17703.603792,34712.821181,15904.153827
C07,-16092.539880,37961.713426,8270.010467
C07,-13066.801441,39943.413873,64.938682
C07,-9453.717161,40113.484335,-8144.423518
C07,-6242.978173,38418.674585,-15789.418013
C07,-4317.310822,35312.564361,-22340.023917
C07,-4211.783269,31632.997704,-27342.871493
C07,-5967.784520,28374.705662,-30453.532841
C07,-9121.585624,26419.442293,-31460.542577
C07,-12830.214256,26297.442970,-30299.401852
C07,-16099.718626,28044.954884,-27055.758501
C07,-18053.291916,31195.818774,-21957.896696
C07,-18166.598396,34908.345497,-15359.495718
C08,323.570536,36050.500557,-21642.134151
C08,2231.527946,30643.588990,-28740.675480
C08,1167.595654,24995.725078,-33857.146233
C08,-2586.561212,20634.703421,-36643.430436
C08,-8021.681460,18739.960286,-36913.562394
C08,-13674.789698,19825.336409,-34655.092584
C08,-18024.151753,23602.458283,-30028.295743
C08,-19898.354665,29060.192601,-23353.725098
C08,-18789.883795,34737.450458,-15089.352109
C08,-14990.055923,39115.349206,-5799.081749
C08,-9510.247104,41023.693091,3885.188995
C08,-3811.117868,39953.626020,13305.565993
C08,587.830651,36193.555292,21821.675935
C08,2514.551883,30752.271451,28853.134748
C08,1458.501740,25089.433093,33918.426478
C08,-2291.575687,20724.712369,36667.767387
C08,-7723.743873,18829.573557,36907.748699
C08,-13373.637623,19911.092703,34615.904411
C08,-17718.262334,23673.525309,29943.866117
C08,-19587.285284,29096.236763,23208.457276
C08,-18480.447450,34708.331402,14870.928070
C08,-14704.213538,38986.520935,5505.482218
C08,-9289.485467,40768.414155,-4240.798811
C08,-3712.029543,39568.434915,-13693.697011
C09,2783.089301,25802.051247,33863.304697
C09,-1494.135673,24628.568702,34700.203157
C09,-5772.908710,25804.285686,33227.362208
C09,-8883.462498,29003.822861,29525.417525
C09,-9971.140659,33355.310692,23824.312055
C09,-8730.326874,37668.960148,16493.805815
C09,-5494.450378,40755.611292,8023.855147
C09,-1153.353317,41751.582718,-1005.393482
C09,3084.509015,40360.585378,-9963.058731
C09,6023.146568,36942.744579,-18213.970118
C09,6812.229693,32421.670353,-25168.121175
C09,5187.507767,28032.367484,-30328.062929
C09,1548.421075,24979.956601,-33328.931533
C09,-3150.201957,24106.273030,-33966.596606
C09,-7661.055330,25659.154754,-32211.103013
C09,-10786.074561,29228.348714,-28204.729704
C09,-11700.319821,33862.877891,-22246.054671
C09,-10169.418791,38333.284930,-14762.933511
C09,-6604.601222,41463.720517,-6278.042135
C09,-1945.380563,42443.212731,2629.368066
C09,2594.289849,41034.841416,11362.388834
C09,5846.839012,37631.234702,19343.718962
C09,6994.928753,33145.672344,26049.727129
C09,5781.171210,28769.536179,31040.371975
C10,-10700.192873,38526.127398,-13911.308642
C10,-7988.810928,41216.364018,-6134.821372
C10,-4290.958979,42238.129837,2054.807761
C10,-568.409300,41336.563037,10107.295507
C10,2219.553113,38765.224570,17486.174596
C10,3367.305596,35216.036321,23701.540966
C10,2606.119591,31635.193688,28339.533087
C10,172.695727,28973.184453,31087.543632
C10,-3254.567154,27933.496328,31754.229882
C10,-6735.644071,28785.194328,30283.335568
C10,-9319.407674,31289.005787,26760.246975
C10,-10299.565228,34758.137248,21410.192407
C10,-9407.852900,38240.184661,14587.179110
C10,-6891.007499,40773.701342,6753.248035
C10,-3447.869796,41651.110128,-1551.544587
C10,-40.886385,40615.562845,-9746.899773
C10,2367.973806,37935.590970,-17255.074760
C10,3084.005414,34334.591808,-23544.953376
C10,1874.077101,30793.315252,-28173.084678
C10,-966.817564,28280.268547,-30817.525733
C10,-4695.543798,27485.860788,-31301.176249
C10,-8324.141245,28634.617165,-29602.677961
C10,-10888.683653,31426.649575,-25854.546331
C10,-11708.808063,35122.359658,-20329.656158
C11,24015.152437,-11444.584297,8509.329964
C11,25268.020485,-11553.720704,-2582.982175
C11,22774.217559,-9361.256692,-13071.804529
C11,18483.088682,-3745.211546,-20504.087572
C11,14789.141656,4658.255413,-23133.860233
C11,13235.821689,13671.756320,-20341.059265
C11,13703.114606,20631.373532,-12782.203783
C11,14522.260131,23713.648823,-2232.655974
C11,13450.873300,22818.524385,8839.030724
C11,8970.868326,19537.935892,17855.364536
C11,1203.211490,16240.172009,22728.398329
C11,-8048.964555,14771.799100,22334.507612
C11,-16147.867314,15470.394221,16765.435460
C11,-20912.070100,17007.217658,7307.031290
C11,-21675.016851,17141.471558,-3849.591585
C11,-19553.087783,13988.729283,-14107.145206
C11,-16776.225999,7126.773792,-21065.326935
C11,-15434.847094,-2063.832991,-23088.857536
C11,-16319.974552,-11022.648345,-19700.313573
C11,-18490.885418,-17269.618795,-11696.408725
C11,-19808.187439,-19624.329108,-956.424120
C11,-18138.869650,-18727.759192,10007.867028
C11,-12573.722668,-16594.719167,18645.542165
C11,-3999.179909,-15452.415317,22957.445236
C12,26154.720111,277.105002,-9707.576523
C12,20762.267130,2693.408042,-18419.696541
C12,13883.995768,7946.494523,-22829.628295
C12,8009.835992,15266.954181,-21903.193700
C12,4663.284795,22453.054511,-15855.779692
C12,3663.396279,26968.097029,-6102.720648
C12,3323.781247,27239.124610,5075.500745
C12,1474.225527,23458.033686,15071.419590
C12,-3254.973443,17457.418930,21560.697941
C12,-10582.666834,11734.565530,23039.269612
C12,-18617.350562,8150.453715,19166.312397
C12,-24767.666395,6995.983869,10840.300019
C12,-27042.288109,6917.565672,-6.483727
C12,-25052.138734,5738.724432,-10851.028706
C12,-20181.018510,1737.872421,-19163.642135
C12,-14829.802734,-5306.371140,-22999.822901
C12,-11136.841009,-13873.028240,-21459.584851
C12,-9863.185106,-21400.805815,-14902.179282
C12,-10044.475758,-25563.601623,-4862.283863
C12,-9595.069570,-25435.319879,6313.051877
C12,-6531.660889,-21919.136727,16017.895195
C12,-149.189604,-17216.456857,21996.428288
C12,8486.808047,-13628.795234,22863.468997
C12,16995.152905,-12337.660335,18419.851468
C13,4541.340123,38342.751112,-16424.108989
C13,6869.283783,33501.800591,-24284.692523
C13,6440.769677,28113.384332,-30455.157249
C13,3354.586254,23638.505584,-34506.318319
C13,-1568.326197,21291.802606,-36159.074348
C13,-7008.055037,21711.428586,-35303.931749
C13,-11504.391510,24787.096894,-32007.449942
C13,-13852.046590,29692.377907,-26505.480741
C13,-13424.509964,35110.700966,-19184.289666
C13,-10339.636754,39591.868408,-10551.599305
C13,-5424.224050,41941.655672,-1200.198862
C13,10.592676,41539.893622,8232.983102
C13,4521.255235,38503.211952,17109.482833
C13,6916.558178,33650.900321,24830.954472
C13,6573.493562,28284.502695,30877.571315
C13,3601.409735,23840.267431,34841.216403
C13,-1188.237620,21506.315563,36451.813501
C13,-6498.537492,21905.393990,35595.419557
C13,-10893.485991,24927.203796,32322.957475
C13,-13182.962600,29755.636222,26848.766352
C13,-12744.053139,35085.289492,19538.547226
C13,-9691.953295,39471.203007,10886.836595
C13,-4852.637780,41719.068096,1484.863166
C13,457.668679,41210.568991,-8019.503009
C14,15049.020556,-18255.933965,14761.582292
C14,14323.085542,-10722.988256,21410.815958
C14,15652.853035,-1524.148934,23069.009376
C14,18998.382734,6678.259251,19358.906339
C14,22715.220085,11850.503928,11149.881795
C14,24430.284764,13554.866724,351.439142
C14,22330.680903,13064.844980,-10528.430153
C14,16178.300393,12574.815412,-18960.448629
C14,7507.793414,13929.292650,-22978.304561
C14,-1103.845707,17552.993984,-21637.851363
C14,-7314.289192,22160.197104,-15243.669672
C14,-10161.590761,25408.472251,-5285.031660
C14,-10464.779317,25152.089542,5910.064131
C14,-10264.515251,20619.118306,15723.748767
C14,-11611.444652,12872.118915,21866.525986
C14,-15365.463384,4302.186665,22913.038952
C14,-20658.101806,-2568.530753,18628.487003
C14,-25305.051890,-6333.066178,10015.259652
C14,-26944.549481,-7335.161276,-923.787499
C14,-24293.932457,-7365.390940,-11648.031695
C14,-17856.406429,-8587.255045,-19663.807010
C14,-9700.131813,-12269.620146,-23100.897773
C14,-2421.933387,-18006.835980,-21150.096434
C14,2157.013449,-23852.396821,-14258.706069
C16,-11063.612460,22039.629657,34504.587162
C16,-15590.373280,22817.664067,32076.666132
C16,-19124.471490,25781.799414,27477.848565
C16,-20701.299992,30131.112445,21008.477981
C16,-19885.046347,34684.832752,13099.945174
C16,-16891.115833,38198.731374,4288.440219
C16,-12533.114637,39702.884167,-4820.093455
C16,-8005.539468,38768.894814,-13591.928132
C16,-4559.141125,35631.630657,-21411.503887
C16,-3157.435217,31129.389271,-27727.543443
C16,-4209.984429,26476.965661,-32095.067082
C16,-7457.662986,22933.747075,-34209.219117
C16,-12042.452664,21459.269015,-33927.640725
C16,-16741.964215,22452.211904,-31279.457146
C16,-20302.561999,25644.569887,-26460.519623
C16,-21778.330889,30178.335354,-19816.039577
C16,-20783.323819,34841.058075,-11812.912367
C16,-17590.383755,38393.850924,-3004.706496
C16,-13052.876342,39902.280339,6007.518547
C16,-8373.329115,38982.241385,14615.609247
C16,-4782.489615,35897.508699,22243.419492
C16,-3214.064416,31485.621701,28382.631535
C16,-4059.870707,26933.381607,32623.786991
C16,-7068.386837,23461.432761,34681.367024
C19,-11089.637845,24769.747201,-6544.263506
C19,-10757.803184,20005.347847,-16205.621821
C19,-12002.968234,12077.594277,-22088.364501
C19,-15659.355986,3405.673956,-22814.831824
C19,-20819.029549,-3478.999302,-18210.729508
C19,-25264.333400,-7187.538006,-9350.043062
C19,-26633.079866,-8105.053679,1695.843779
C19,-23688.967201,-8062.293443,12346.378714
C19,-17010.154457,-9231.854647,20119.076668
C19,-8725.440156,-12852.880266,23208.628275
C19,-1442.991668,-18475.411966,20902.060457
C19,3054.038423,-24129.533969,13738.475071
C19,4653.845516,-27328.175552,3382.201979
C19,4860.673630,-26370.713906,-7760.297017
C19,5872.331904,-21254.363272,-17095.175013
C19,9286.194484,-13704.761050,-22443.479713
C19,15131.568037,-6303.694924,-22551.999684
C19,21756.421546,-1176.226372,-17390.988579
C19,26638.797907,1060.215869,-8164.973625
C19,27691.771320,1520.720456,2969.201854
C19,24359.496194,2334.529789,13410.856204
C19,17913.301137,5378.789759,20727.023642
C19,10791.349886,11155.108711,23219.240526
C19,5340.927950,18416.721762,20313.382177
C20,-16510.348571,10832.527836,-19720.636528
C20,-15455.542160,1923.846478,-23144.276525
C20,-16632.026948,-7279.605174,-21169.373263
C20,-19302.699298,-14205.737066,-14252.189826
C20,-21400.218119,-17422.717131,-4005.763306
C20,-20670.450104,-17294.736603,7176.586173
C20,-15942.627841,-15680.340944,16683.859300
C20,-7836.822208,-14841.282082,22300.587174
C20,1475.363054,-16156.873159,22722.998933
C20,9328.521687,-19339.313440,17857.990976
C20,13874.539061,-22569.741336,8840.076142
C20,14952.296757,-23479.335168,-2233.358298
C20,14059.400917,-20449.916621,-12787.021701
C20,13446.617358,-13538.265020,-20363.488013
C20,14822.485191,-4526.486662,-23194.291043
C20,18365.377636,3934.995749,-20614.296564
C20,22578.455410,9639.879246,-13221.226671
C20,25071.766331,11895.044363,-2739.647739
C20,23854.224163,11774.795776,8382.088878
C20,18438.070753,11427.094291,17547.526562
C20,10157.222026,12812.405014,22621.541645
C20,1527.208649,16561.947426,22427.138178
C20,-5008.643311,21572.640432,17014.617007
C20,-8277.532296,25555.099869,7645.457557
C21,12386.715203,11400.246225,22279.649205
C21,11177.807258,19436.592188,16651.727715
C21,11562.876648,24394.370403,7151.900994
C21,11511.282720,25119.358319,-4011.119353
C21,8934.909787,22280.251446,-14240.287292
C21,2913.888565,17958.941553,-21151.855711
C21,-5692.142159,14506.972250,-23130.935552
C21,-14583.209510,13280.745606,-19711.230676
C21,-21136.033823,13935.645503,-11687.969946
C21,-23706.065780,14660.434725,-934.334982
C21,-22417.942590,13225.403252,10037.806639
C21,-19021.488462,8274.996850,18668.542967
C21,-15895.907029,162.163889,22949.322606
C21,-14744.068472,-9128.168194,21888.449114
C21,-15680.083991,-16926.405544,15736.694272
C21,-17195.717872,-21192.040131,5925.812234
C21,-17019.261644,-21498.213046,-5263.155210
C21,-13405.452652,-19167.705143,-15226.763926
C21,-6164.274745,-16490.891167,-21642.607217
C21,3127.582155,-15445.288407,-23011.008325
C21,11854.379243,-16604.965596,-19008.162300
C21,17646.260352,-18828.949660,-10565.758269
C21,19537.232205,-19899.663742,344.857515
C21,18376.808333,-17767.868212,11175.295278
C22,1005.419425,25521.053929,11279.541799
C22,374.284382,27916.292942,477.071518
C22,-219.685094,25896.284946,-10436.449268
C22,-2814.496027,20331.261233,-18921.112552
C22,-8269.179016,13471.426303,-23000.455043
C22,-15688.970780,7778.016555,-21721.191635
C22,-22800.914829,4664.113945,-15377.356796
C22,-27086.336144,3817.230535,-5445.442150
C22,-27068.784548,3465.452901,5757.683702
C22,-23067.362512,1441.846747,15616.711541
C22,-17009.553795,-3531.171464,21831.632072
C22,-11405.182091,-11036.456958,22955.924964
C22,-8035.519536,-19074.484179,18731.741898
C22,-7060.784006,-25035.713907,10146.212455
C22,-7019.306497,-27014.358187,-800.696347
C22,-5711.915979,-24764.311358,-11561.321310
C22,-1492.264122,-19789.806279,-19631.216931
C22,5732.565545,-14524.538293,-23130.187287
C22,14332.434156,-11038.793004,-21239.883147
C22,21713.611725,-9965.868281,-14396.801233
C22,25608.442777,-10222.441469,-4194.218749
C22,25209.161383,-9672.783806,6987.503469
C22,21538.598679,-6377.717230,16538.070183
C22,16859.200691,249.689098,22229.795899
C23,-9779.728855,-22724.362721,-12921.719686
C23,-3958.339891,-18948.688240,-20106.619733
C23,4408.209294,-15760.240191,-22607.868099
C23,13218.464227,-14504.680457,-19842.469089
C23,19990.933270,-14966.589792,-12453.606482
C23,23082.215447,-15529.383224,-2162.091951
C23,22469.353988,-14111.603909,8633.428328
C23,19680.438720,-9374.332313,17415.843782
C23,16913.627376,-1546.291519,22137.545715
C23,15821.115525,7582.412124,21698.287626
C23,16613.688457,15499.935194,16201.178381
C23,17966.922407,20200.559919,6928.041595
C23,17777.875928,21147.968910,-3959.654245
C23,14363.438471,19462.778528,-13924.832880
C23,7453.325594,17238.750097,-20646.116613
C23,-1559.454929,16359.188706,-22558.032223
C23,-10249.431185,17451.768821,-19214.759197
C23,-16338.084555,19543.700036,-11394.095953
C23,-18796.335592,20602.684725,-917.619921
C23,-18284.842131,18673.488022,9772.740124
C23,-16700.088254,12998.029542,18184.356808
C23,-16074.126998,4513.087964,22356.158011
C23,-17423.609061,-4546.570352,21316.161257
C23,-20169.757490,-11731.130578,15307.490313
C24,20923.806023,1912.754068,-18376.831070
C24,25338.082501,5946.201277,-10059.939669
C24,26897.636179,7360.448248,602.034937
C24,24358.973987,7781.074682,11123.096643
C24,18158.290431,9220.508411,19046.035731
C24,10225.228224,12882.253199,22519.927255
C24,3015.585536,18412.986257,20735.231121
C24,-1718.276175,24011.792474,14112.155702
C24,-3760.792375,27340.516606,4199.104014
C24,-4429.031940,26746.151935,-6692.200308
C24,-5742.525609,22139.557352,-16026.844761
C24,-9220.977973,15061.551008,-21634.879637
C24,-14959.335614,7903.168258,-22212.190139
C24,-21478.315420,2695.974792,-17621.631646
C24,-26434.941420,114.171391,-8927.220986
C24,-27819.835070,-782.575784,1848.448309
C24,-25004.593125,-1929.763448,12192.268818
C24,-19076.210740,-5096.634473,19688.182418
C24,-12275.080793,-10813.275535,22585.180750
C24,-6837.246222,-17972.276921,20208.727186
C24,-3863.780005,-24325.919987,13117.196776
C24,-2822.818159,-27614.514845,2967.938403
C24,-1945.076805,-26721.313401,-7872.813812
C24,708.387013,-22236.987343,-16882.351957
C25,7369.380108,-15124.383394,-22283.323843
C25,14801.411090,-9734.216625,-21574.069692
C25,22000.837423,-6620.452102,-15842.184787
C25,26579.071214,-5544.407783,-6418.959248
C25,27089.534041,-4890.595344,4501.104372
C25,23755.470275,-2643.417120,14370.364139
C25,18326.579435,2409.888432,20884.499955
C25,13140.502199,9904.337012,22523.408201
C25,9894.914004,17974.997702,18906.936829
C25,8790.871900,24150.979357,10881.773387
C25,8504.542660,26588.775936,320.970803
C25,6996.063023,24986.580394,-10314.859193
C25,2714.377865,20693.823430,-18550.732737
C25,-4453.532633,15962.019982,-22471.111428
C25,-13001.493333,12740.771550,-21162.815761
C25,-20492.814444,11662.509032,-14927.173542
C25,-24757.598909,11757.123945,-5213.026185
C25,-24964.761695,11048.499340,5716.814530
C25,-21997.126354,7712.203324,15312.056851
C25,-17928.175386,1168.104581,21332.335649
C25,-14882.858648,-7487.329954,22373.061589
C25,-13898.079913,-15948.745259,18193.844977
C25,-14396.819049,-21822.997862,9772.543210
C25,-14555.751136,-23805.557450,-925.781563
C26,22044.243105,16571.242643,-4172.865141
C26,21171.168313,16846.038310,6741.990091
C26,16456.522553,15742.490633,16081.350571
C26,8524.309331,15345.223046,21662.329376
C26,-555.138176,16896.525030,22182.524550
C26,-8269.100310,20076.238106,17524.789342
C26,-12893.937110,23150.211535,8780.893526
C26,-14296.686765,23905.497848,-2008.150688
C26,-13884.972836,20866.357925,-12330.508547
C26,-13742.101365,14137.209568,-19786.962196
C26,-15417.930930,5421.495141,-22644.621543
C26,-19025.453880,-2794.618202,-20236.320970
C26,-23127.873817,-8462.933836,-13116.929638
C26,-25480.990332,-10953.571959,-2939.812371
C26,-24238.973649,-11274.921589,7923.149695
C26,-18977.587606,-11416.153343,16934.574762
C26,-10979.607277,-13168.183805,21988.304064
C26,-2622.717428,-17064.759462,21905.504997
C26,3803.337752,-22021.436005,16710.030029
C26,7215.790879,-25869.865187,7618.853729
C26,8198.083298,-26499.056048,-3246.672659
C26,8562.290154,-22989.454667,-13357.493594
C26,10259.318161,-16132.725402,-20363.791190
C26,14227.032220,-8061.013490,-22637.047390
C27,-21093.679261,-6720.407935,16962.602853
C27,-13637.868341,-10144.903796,22109.995424
C27,-6296.682128,-15813.382664,22095.510016
C27,-1106.611930,-22150.344101,16924.019157
C27,1331.025027,-26759.605961,7804.631687
C27,2061.235046,-27661.522999,-3134.189597
C27,3093.740919,-24330.339851,-13343.435026
C27,6203.122254,-17976.391509,-20447.668712
C27,11861.162515,-10924.466794,-22795.377479
C27,18877.345884,-5422.333017,-19839.947840
C27,24943.434528,-2513.873599,-12266.433084
C27,27796.514532,-1574.465982,-1835.411844
C27,26383.631394,-753.938662,9023.211796
C27,21405.215826,1912.493918,17775.800352
C27,14943.265503,7326.516846,22378.393117
C27,9372.125266,14723.141098,21756.570344
C27,6137.175829,21973.566062,16057.115797
C27,5056.843334,26636.799675,6612.255095
C27,4518.746576,27197.876151,-4373.982566
C27,2457.415390,23830.191714,-14341.984991
C27,-2419.128412,18276.482585,-20972.770109
C27,-9817.491449,12916.432567,-22724.927475
C27,-17900.115588,9521.812552,-19190.117588
C27,-24161.968512,8362.697050,-11188.110927
C28,-5775.509209,-15096.384076,22752.632977
C28,2669.800903,-18496.840971,20729.998633
C28,8638.377180,-22622.226890,13878.566104
C28,11328.815255,-25223.366620,3794.023240
C28,11630.284465,-24333.562950,-7174.432501
C28,11528.332462,-19353.024737,-16470.861463
C28,12931.171757,-11425.371852,-21928.360064
C28,16551.743558,-2901.010034,-22274.341133
C28,21450.620846,3828.364225,-17427.432542
C28,25489.254895,7503.533852,-8517.099720
C28,26453.456255,8555.377215,2379.171276
C28,23245.058884,8752.325092,12720.820699
C28,16500.686088,10132.870883,20097.684042
C28,8303.807446,13803.123947,22791.884432
C28,1143.454748,19250.619795,20176.781881
C28,-3324.685645,24546.229820,12861.735040
C28,-5055.998912,27328.980219,2550.405011
C28,-5522.573804,26048.679159,-8355.079217
C28,-6802.638089,20801.104525,-17313.344542
C28,-10347.811654,13306.689451,-22236.240644
C28,-16095.814838,6042.330034,-21975.765101
C28,-22410.588552,989.757146,-16591.934135
C28,-26887.114278,-1331.703609,-7339.458660
C28,-27593.195871,-2033.542340,3624.353085
C29,-17085.942600,16368.814167,-14795.823531
C29,-21081.244484,17593.134092,-4970.697846
C29,-21325.420990,16958.638385,6013.113385
C29,-19188.760559,12924.777471,15594.659485
C29,-16863.108225,5488.440174,21539.601424
C29,-16131.770933,-3704.979211,22462.094731
C29,-17384.823597,-12126.927751,18147.767583
C29,-19410.151515,-17601.827106,9603.093244
C29,-20071.912616,-19356.497456,-1179.749592
C29,-17510.275529,-18325.690417,-11687.777445
C29,-11215.221991,-16555.392357,-19473.184361
C29,-2394.445617,-16029.503852,-22723.033457
C29,6565.588019,-17553.535856,-20680.236702
C29,13261.227593,-20296.034485,-13819.505684
C29,16439.917272,-22234.760706,-3738.122581
C29,16555.246252,-21269.407536,7214.612646
C29,15415.474547,-16403.023325,16484.890563
C29,15118.308851,-8354.191328,21910.992975
C29,16849.121482,733.462472,22228.131978
C29,20192.673808,8332.681570,17363.090893
C29,23330.485602,12770.667027,8450.686365
C29,24018.716789,14005.366781,-2431.264535
C29,20821.067216,13529.676570,-12746.796018
C29,13933.018017,13461.221911,-20093.053466
C30,-26977.273364,6665.192847,2400.182141
C30,-24354.544759,4773.459101,12725.458521
C30,-19359.133405,19.509985,20079.907242
C30,-14338.739863,-7429.428107,22748.190930
C30,-11130.283045,-15823.103347,20110.728360
C30,-10117.306190,-22656.112265,12785.922698
C30,-10093.614332,-25912.398870,2482.981048
C30,-9000.287984,-25062.922190,-8398.108426
C30,-5134.355993,-21286.749375,-17325.163793
C30,1823.885910,-16801.879713,-22221.083172
C30,10519.361975,-13666.876839,-21944.909074
C30,18527.820709,-12694.661413,-16557.409331
C30,23542.011106,-13058.717615,-7310.124523
C30,24510.489601,-12802.625982,3642.478349
C30,22121.760481,-9979.181355,13744.608928
C30,18374.292730,-3802.901888,20638.064561
C30,15465.579833,4811.271286,22715.384617
C30,14601.523406,13619.346412,19495.029334
C30,15367.907798,20134.336396,11731.199590
C30,15999.090528,22847.999525,1235.083324
C30,14394.788481,21938.584050,-9548.676757
C30,9334.794989,19091.726328,-18110.701628
C30,1236.832966,16536.190752,-22458.704815
C30,-7951.870110,15814.167772,-21578.962073
C32,-12442.417932,-11360.429573,-22223.472516
C32,-11284.292067,-19403.109433,-16549.679381
C32,-11685.252598,-24335.086026,-7011.307700
C32,-11602.008093,-25026.691647,4164.123230
C32,-8960.694844,-22181.512581,14368.506254
C32,-2878.101603,-17902.218222,21224.533073
C32,5750.335335,-14530.932516,23139.157816
C32,14614.179131,-13391.096646,19670.430840
C32,21110.432116,-14104.348229,11626.588259
C32,23629.372647,-14843.802283,878.050265
C32,22323.170265,-13385.020432,-10074.584627
C32,18950.481971,-8390.357203,-18679.699113
C32,15881.238553,-234.801553,-22928.839225
C32,14795.822444,9076.849415,-21827.356676
C32,15779.034377,16865.707597,-15629.772221
C32,17298.323014,21101.384137,-5782.429261
C32,17078.629033,21385.328552,5415.028349
C32,13399.867503,19069.674626,15349.754795
C32,6113.117497,16452.985834,21707.852307
C32,-3175.057071,15492.183287,23012.510148
C32,-11850.525682,16726.426743,18963.564909
C32,-17573.525126,18988.821885,10503.912490
C32,-19415.173675,20057.434473,-399.358644
C32,-18248.228193,17896.165663,-11209.332987
C33,10993.778268,-24753.832341,6675.634359
C33,10711.724215,-19947.481110,16303.741227
C33,12026.231053,-12017.847700,22130.235023
C33,15741.504337,-3393.002603,22800.218116
C33,20926.619855,3417.618193,18160.940992
C33,25362.937039,7061.765031,9294.337095
C33,26705.762967,7952.351421,-1735.499003
C33,23739.503753,7926.767239,-12361.225115
C33,17054.745378,9145.738470,-20108.085515
C33,8782.805112,12826.357535,-23169.525492
C33,1526.320349,18493.584446,-20829.030118
C33,-2945.289467,24157.749430,-13629.525843
C33,-4539.905096,27328.970233,-3249.221884
C33,-4776.614853,26327.581304,7889.533644
C33,-5849.246957,21186.250174,17187.730383
C33,-9329.935267,13657.029367,22478.487310
C33,-15217.245552,6319.547610,22531.991573
C33,-21844.730402,1269.804902,17339.001498
C33,-26700.809542,-910.056813,8110.128501
C33,-27722.865755,-1355.627827,-3006.342824
C33,-24375.649773,-2195.415795,-13422.830780
C33,-17938.189641,-5290.826581,-20713.076534
C33,-10844.686643,-11121.038693,-23176.647580
C33,-5430.195029,-18416.589355,-20236.266947
C34,26825.055096,-7686.870770,-923.324059
C34,24744.266615,-6030.920909,-11449.358772
C34,20109.321943,-1545.503173,-19311.744405
C34,15226.338776,5760.052039,-22681.497803
C34,12003.558784,14264.346142,-20772.696211
C34,10964.093294,21486.086485,-14025.926147
C34,11024.303855,25309.041250,-4009.529845
C34,10156.082625,25030.456507,6942.115441
C34,6576.607377,21672.790989,16272.812489
C34,-178.924971,17391.022160,21804.028680
C34,-8886.533371,14295.779086,22246.077290
C34,-17170.729827,13328.311143,17498.918481
C34,-22665.303544,13792.668706,8672.847726
C34,-24178.299583,13792.787272,-2173.422595
C34,-22241.515025,11333.947679,-12514.047986
C34,-18756.197261,5492.272910,-19943.369820
C34,-15930.168340,-2978.417312,-22733.009575
C34,-15077.878207,-11930.867925,-20231.746494
C34,-15925.281735,-18853.515563,-13018.040320
C34,-16791.592506,-22101.856856,-2769.368373
C34,-15551.755134,-21678.712135,8125.226578
C34,-10862.205224,-19146.824298,17122.609866
C34,-2985.600467,-16721.891293,22122.188485
C34,6236.438426,-16037.512588,21958.644437
C35,5371.377965,15293.052787,-22733.349386
C35,-2862.278608,18941.174431,-20295.786443
C35,-8511.503311,23094.711115,-13129.794738
C35,-10950.599005,25481.856292,-2900.986414
C35,-11210.495300,24240.565971,8004.986283
C35,-11308.517155,18950.727067,17040.183349
C35,-13053.877696,10916.418145,22094.016157
C35,-16979.690605,2541.307268,21989.356266
C35,-21983.407125,-3868.235857,16755.960273
C35,-25871.046346,-7230.578039,7618.858205
C35,-26511.458181,-8147.545835,-3291.542377
C35,-22980.587287,-8458.104712,-13436.797314
C35,-16083.937883,-10135.318852,-20458.632351
C35,-7979.069972,-14122.788747,-22723.324742
C35,-1098.251539,-19736.140532,-19699.765002
C35,3058.473713,-24954.080477,-12085.974206
C35,4619.887287,-27450.548730,-1652.505543
C35,5158.735631,-25820.648999,9166.579316
C35,6725.750288,-20341.591402,17843.423636
C35,10627.424623,-12854.757712,22351.462520
C35,16614.415048,-5829.802370,21641.450056
C35,22924.117039,-1114.760955,15884.488814
C35,27156.457061,957.647410,6427.297938
C35,27512.696859,1634.596128,-4525.749616
C36,-7497.182331,15120.233538,22235.509637
C36,-14817.574620,9568.999621,21640.294143
C36,-21992.744851,6286.075536,16008.324846
C36,-26627.332532,5107.937968,6650.349581
C36,-27221.418835,4466.096522,-4255.896995
C36,-23925.872912,2338.258540,-14170.466148
C36,-18439.057962,-2547.688531,-20781.912012
C36,-13099.611231,-9908.285584,-22546.815322
C36,-9661.106087,-17937.301069,-19051.502949
C36,-8405.536849,-24166.761506,-11110.395301
C36,-8070.340423,-26700.021948,-576.596867
C36,-6625.008464,-25158.119749,10091.933109
C36,-2474.004655,-20833.139094,18408.133969
C36,4567.602654,-15969.448593,22436.373522
C36,13055.060279,-12562.546293,21241.232033
C36,20572.308070,-11320.622425,15102.283448
C36,24919.495665,-11342.110334,5448.123838
C36,25199.998347,-10677.766433,-5474.452385
C36,22229.926208,-7473.044285,-15121.398994
C36,18052.852082,-1074.746602,-21243.343577
C36,14820.671245,7497.562502,-22410.850028
C36,13642.010424,15975.923286,-18349.642529
C36,14017.399568,21943.857707,-10006.358772
C36,14164.521644,24027.188087,671.949061
C37,-21496.297872,-17450.535523,3600.908442
C37,-20450.818899,-17558.440351,-7280.489078
C37,-15609.397092,-16263.045516,-16467.294873
C37,-7601.502536,-15654.264455,-21820.034888
C37,1507.281079,-16980.238382,-22089.675918
C37,9209.793244,-19930.205889,-17209.784619
C37,13782.738857,-22779.146117,-8315.144558
C37,15091.844285,-23320.296668,2520.227694
C37,14548.141552,-20085.661560,12767.333679
C37,14242.724909,-13195.051176,20035.211982
C37,15731.573464,-4372.420115,22630.811634
C37,19130.192533,3881.931056,19952.653580
C37,23007.284270,9520.941114,12627.795920
C37,25134.203960,11927.707092,2363.352253
C37,23687.773325,12123.895696,-8451.154258
C37,18261.769571,12105.449146,-17298.532444
C37,10144.255601,13667.092165,-22118.071737
C37,1709.314783,17349.773091,-21784.652184
C37,-4755.992080,22079.463976,-16372.335835
C37,-8166.787585,25696.290354,-7140.332982
C37,-9104.256449,26094.965215,3758.277942
C37,-9382.523490,22365.266303,13779.663796
C37,-10956.229438,15316.781514,20585.814515
C37,-14763.688691,7102.916769,22591.723431
C38,-6483.457669,30940.188114,-27760.948330
C38,-6305.032685,25790.309383,-32643.409299
C38,-8732.346620,21233.655169,-35275.432148
C38,-13115.796546,18499.332407,-35477.606259
C38,-18277.363362,18324.675869,-33238.892796
C38,-22829.134944,20756.870455,-28716.607311
C38,-25547.767693,25141.402961,-22224.582536
C38,-25703.548729,30299.676049,-14210.610935
C38,-23255.640679,34847.063929,-5224.991567
C38,-18861.687810,37565.276840,4117.466177
C38,-13700.061654,37728.954630,13179.309574
C38,-9153.083502,35299.289889,21343.384901
C38,-6436.334798,30933.406349,28054.107674
C38,-6273.134840,25807.454275,32854.500120
C38,-8700.981353,21300.896414,35416.730165
C38,-13061.589260,18626.292900,35564.266577
C38,-18177.375006,18503.451935,33284.219390
C38,-22667.572416,20965.247912,28728.961387
C38,-25319.676894,25347.612985,22206.726760
C38,-25416.617583,30467.158846,14161.552668
C38,-22931.299856,34939.455539,5143.648279
C38,-18535.321636,37552.689338,-4227.999361
C38,-13418.620549,37595.798022,-13308.309183
C38,-8968.172521,35051.865322,-21471.084807
C39,-16415.635335,20549.694020,32959.185448
C39,-20703.044788,22438.832051,29028.102918
C39,-23463.318272,26217.879960,23102.959488
C39,-23951.759282,30860.412797,15586.666456
C39,-22039.519976,35104.191169,6994.506031
C39,-18249.922870,37793.085513,-2081.245273
C39,-13617.399157,38191.477724,-11012.886860
C39,-9406.749780,36185.000144,-19181.936027
C39,-6769.183163,32312.277805,-26023.318778
C39,-6429.261836,27618.799178,-31065.566197
C39,-8488.344242,23373.066164,-33963.850124
C39,-12397.785692,20722.884426,-34523.404517
C39,-17108.353683,20385.538303,-32711.805725
C39,-21354.273330,22455.545737,-28659.581029
C39,-23994.305674,26380.987297,-22649.548984
C39,-24317.792550,31113.467926,-15096.075717
C39,-22234.027962,35390.264147,-6516.014095
C39,-18295.252887,38072.485384,2506.525190
C39,-13548.133534,38448.973930,11359.215977
C39,-9253.920527,36425.427771,19441.951759
C39,-6551.872147,32548.932991,26206.288949
C39,-6155.245834,27861.589465,31191.621475
C39,-8160.567662,23621.954548,34055.972361
C39,-12021.201519,20968.039792,34599.504313
C40,-24093.720196,34058.884488,-7175.724209
C40,-20329.748351,37088.771498,1868.587992
C40,-15562.293825,37857.696305,10786.300981
C40,-11055.601014,36165.412007,18973.194225
C40,-8004.934929,32468.642105,25872.985952
C40,-7217.531110,27759.643419,31014.179131
C40,-8896.137175,23301.500202,34041.981290
C40,-12583.365863,20289.909357,34743.234431
C40,-17282.880570,19531.426337,33062.509570
C40,-21726.311972,21224.792732,29107.886061
C40,-24715.132829,24905.336419,23145.490868
C40,-25445.404741,29569.010455,15582.630204
C40,-23726.757680,33943.780347,6940.269902
C40,-20034.963146,36835.186667,-2183.381536
C40,-15382.806005,37451.720602,-11155.504430
C40,-11044.148804,35620.607199,-19354.132526
C40,-8206.847756,31834.670723,-26212.737350
C40,-7649.794625,27117.722826,-31260.322090
C40,-9532.269997,22745.997795,-34153.930867
C40,-13352.284273,19902.348000,-34701.303195
C40,-18083.910175,19357.428754,-32872.382145
C40,-22455.024692,21263.621620,-28799.362158
C40,-25289.648585,25115.995281,-22765.818396
C40,-25822.834141,29889.284407,-15186.129841
C41,-385.492945,-25901.968843,-10286.871001
C41,221.000927,-27885.456280,642.304923
C41,910.001709,-25457.554017,11422.688625
C41,3664.835145,-19625.088617,19544.865998
C41,9227.298701,-12700.365197,23127.984533
C41,16594.620114,-7101.513914,21347.384523
C41,23459.811840,-4126.601223,14617.453243
C41,27361.373684,-3346.685958,4495.673351
C41,26937.601235,-2933.748880,-6670.516813
C41,22622.821477,-748.427616,-16280.821898
C41,16410.317839,4392.883879,-22086.641326
C41,10800.586102,11957.670031,-22722.969133
C41,7496.070744,19866.311259,-18036.748121
C41,6547.958522,25511.278206,-9126.658502
C41,6417.188212,27080.393811,1918.428061
C41,4910.763658,24469.305656,12517.029218
C41,476.347272,19294.575453,20203.448429
C41,-6850.196823,14010.208702,23198.808872
C41,-15352.339347,10609.595516,20814.522459
C41,-22441.992301,9604.891059,13604.255854
C41,-25942.567168,9819.668515,3236.789841
C41,-25171.924923,9100.758901,-7882.514101
C41,-21252.708769,5571.293737,-17162.937240
C41,-16480.042823,-1245.590058,-22431.898929
C42,16629.056073,-8630.840651,20714.196563
C42,15576.462078,457.465907,23195.794888
C42,16741.465368,9438.619904,20293.286714
C42,19208.394107,15846.338027,12682.720692
C42,20847.570054,18466.073809,2128.353264
C42,19493.147487,17874.264303,-8920.058642
C42,14167.623469,16034.442026,-17889.620271
C42,5696.043222,15164.486231,-22682.508472
C42,-3629.361393,16481.630033,-22171.359215
C42,-11165.984867,19505.372764,-16470.828607
C42,-15225.071837,22302.231642,-6914.823269
C42,-15862.392582,22543.990296,4258.808377
C42,-14732.271709,18804.286002,14439.294525
C42,-14093.218658,11388.282467,21257.631250
C42,-15512.021534,2248.663294,23135.666520
C42,-18966.743092,-5962.566263,19644.105455
C42,-22825.155268,-11199.362983,11595.064900
C42,-24706.562798,-12995.939977,854.428920
C42,-22769.562981,-12600.292230,-10084.086910
C42,-16741.655150,-12198.889029,-18672.062021
C42,-8136.505896,-13646.009934,-22899.849748
C42,467.965795,-17381.604432,-21772.031452
C42,6712.613812,-22128.377772,-15548.028535
C42,9614.619771,-25540.987251,-5684.723570
C43,17548.133033,-16299.844029,14330.932648
C43,21379.099883,-17398.470010,4433.684182
C43,21494.164702,-16598.491331,-6495.959163
C43,19295.002992,-12417.645810,-15914.272341
C43,16959.081054,-4908.508732,-21630.425713
C43,16222.656757,4260.177384,-22313.489216
C43,17425.762595,12578.375589,-17801.258797
C43,19331.044516,17918.407131,-9140.680187
C43,19815.498674,19559.900699,1651.795908
C43,17065.684909,18470.808872,12058.453475
C43,10631.763314,16695.239244,19649.670911
C43,1767.160663,16180.511939,22654.210564
C43,-7134.706214,17679.897720,20373.650489
C43,-13707.580656,20324.951111,13343.386037
C43,-16760.610182,22097.004580,3204.621734
C43,-16797.940674,20941.825048,-7680.353095
C43,-15638.970698,15926.478208,-16778.447898
C43,-15350.093616,7816.295865,-21973.293900
C43,-17064.914386,-1238.919122,-22054.989505
C43,-20326.941775,-8745.585915,-17001.121499
C43,-23309.151105,-13084.057035,-7984.972491
C43,-23796.705087,-14258.027584,2893.648899
C43,-20407.874500,-13777.262230,13096.555198
C43,-13394.524311,-13739.006329,20241.683473
C44,21314.003636,6070.500207,-16997.030373
C44,14040.165437,9800.234868,-22059.042429
C44,6974.317054,15718.418958,-21990.096427
C44,2050.642394,22184.669970,-16801.724888
C44,-241.457611,26809.906728,-7697.297730
C44,-1014.422847,27683.210083,3203.028418
C44,-2269.118590,24371.416683,13354.950794
C44,-5697.092742,18152.290894,20386.794551
C44,-11650.357345,11352.649040,22657.414400
C44,-18841.728256,6147.400744,19640.461360
C44,-24941.950136,3465.818753,12044.406363
C44,-27754.467436,2589.156107,1642.971958
C44,-26339.024098,1647.667390,-9141.052839
C44,-21485.193597,-1258.366604,-17799.552371
C44,-15286.404509,-6920.726235,-22319.410265
C44,-10044.308947,-14481.471557,-21647.361542
C44,-7087.290713,-21781.568556,-15935.076884
C44,-6131.254261,-26421.000368,-6508.246329
C44,-5523.373281,-26970.684492,4437.168345
C44,-3237.786115,-23689.249663,14345.882163
C44,1915.670377,-18357.817504,20903.054329
C44,9528.394839,-13320.706001,22578.759083
C44,17694.377759,-10250.385358,18985.780902
C44,23925.862977,-9302.092500,10966.829257
C45,9177.602887,22648.756168,13440.731132
C45,3249.607480,18696.947469,20440.565921
C45,-5178.043925,15411.513675,22669.860987
C45,-13952.840918,14120.383882,19611.375325
C45,-20579.227349,14562.157844,11981.641699
C45,-23446.531562,15076.611589,1560.912855
C45,-22593.924507,13568.606742,-9223.386616
C45,-19608.661633,8723.163527,-17861.572790
C45,-16717.825329,816.337585,-22343.698477
C45,-15563.319325,-8316.055210,-21625.057551
C45,-16316.660745,-16140.439745,-15869.491499
C45,-17607.775901,-20664.480035,-6414.457429
C45,-17307.305497,-21396.460564,4536.963436
C45,-13742.791755,-19513.855317,14429.136935
C45,-6691.109339,-17152.046219,20952.774906
C45,2393.505694,-16199.110903,22586.627719
C45,11044.131309,-17249.756955,18952.519502
C45,16985.136428,-19283.083443,10901.068901
C45,19233.623655,-20235.569469,310.472476
C45,18514.122052,-18158.085524,-10352.612706
C45,16771.684681,-12332.981783,-18606.849756
C45,16050.599787,-3749.997351,-22531.492099
C45,17343.014092,5316.806664,-21211.296879
C45,20025.738090,12409.931818,-14950.080183
