C06,-7287.697562486511,23584.105168901173,34285.24063263368
C06,-11800.723850758839,23889.294016337808,32724.56885026326
C06,-15553.426524154107,26420.08144113346,28927.322251763493
C06,-17531.271458686137,30489.169568479312,23146.241992638534
C06,-17200.154573619606,34991.53225555031,15772.466783147458
C06,-14652.791231639843,38702.09156594501,7310.101029312722
C06,-10585.636961832317,40607.889999686246,-1658.0071979069787
C06,-6111.127221393427,40184.35528365212,-10511.040769288475
C06,-2455.4708612334653,37539.52056862218,-18634.519250101675
C06,-624.4042776538915,33385.86650061688,-25464.600685927344
C06,-1128.7053075948152,28846.99472764062,-30528.724744503095
C06,-3844.909440601048,25152.162599001575,-33479.243024276635
C06,-8049.129556851782,23302.64516273236,-34117.397082344614
C06,-12613.956195449588,23801.1916872089,-32405.978168933867
C06,-16313.797422527134,26517.73779289645,-28470.08919305154
C06,-18155.11552361698,30726.59564142753,-22586.45663135539
C06,-17642.38539439428,35303.518466816946,-15162.5912794866
C06,-14909.102382055155,39028.29131117866,-6707.715372939922
C06,-10680.128246971048,40911.144836318446,2202.2743388379326
C06,-6076.775300422692,40456.047540370266,10963.378285499544
C06,-2317.3463354378714,37791.57002711873,18983.19792918549
C06,-392.81349466780387,33635.40409984013,25719.478898374557
C06,-803.3600618627835,29102.41905419808,30715.375181342093
C06,-3425.3455588811294,25407.078484239264,33629.504498422786
C07,-16579.648021943867,38005.60325522092,-8238.253836919077
C07,-13484.058266826209,40094.86828315591,-85.32295334215685
C07,-9760.08302157381,40378.825922004246,8073.472428899842
C07,-6394.682452159174,38788.63924934742,15684.996657543868
C07,-4276.647357994912,35756.01285455318,22233.753017622068
C07,-3960.009899600385,32097.141684952745,27275.60358553402
C07,-5516.741517715611,28794.37475532937,30466.971526563215
C07,-8517.806858430975,26733.443937999607,31587.85634822513
C07,-12147.90600132455,26465.962341429477,30557.235757381688
C07,-15423.924141725898,28060.59614580062,27439.730445867917
C07,-17459.295322477923,31083.286116781597,22442.788553383412
C07,-17703.60263908749,34712.8202503891,15904.153781530867
C07,-16092.538460204318,37961.71260589088,8270.01060677732
C07,-13066.799846494694,39943.41305004296,64.93884952576249
C07,-9453.715574307687,40113.483423825826,-8144.423429213254
C07,-6242.976816520453,38418.67340502733,-15789.418146992359
C07,-4317.309763228044,35312.56295181545,-22340.024193343732
C07,-4211.7825582617315,31632.996085997573,-27342.871791729693
C07,-5967.784216522124,28374.70387158661,-30453.53302136238
C07,-9121.58566957803,26419.440482805363,-31460.54259476813
C07,-12830.21443850659,26297.441237427614,-30299.40173257174
C07,-16099.719291483218,28044.95319416189,-27055.75816480334
C07,-18053.292742343674,31195.817212543756,-21957.89608846132
C07,-18166.599161393933,34908.34397834059,-15359.494911271668
C08,323.5687238731533,36050.49866407798,-21642.134144683074
C08,2231.5259616696,30643.58740436779,-28740.675051358325
C08,1167.5936813389062,24995.723737608576,-33857.145397959335
C08,-2586.5630114146647,20634.702331627097,-36643.42915450605
C08,-8021.682787663387,18739.959332471848,-36913.56076998956
C08,-13674.79056675273,19825.335394757654,-34655.0908042711
C08,-18024.15226378452,23602.4571363207,-30028.294002905048
C08,-19898.354665486677,29060.191344369643,-23353.72375719773
C08,-18789.88370592866,34737.44904312771,-15089.351255817928
C08,-14990.055951582803,39115.347717230994,-5799.081242012565
C08,-9510.247283508263,41023.69160673509,3885.18927580585
C08,-3811.118103622946,39953.62459128271,13305.566088623289
C08,587.830376600625,36193.55378061338,21821.676092616333
C08,2514.5515721519737,30752.26984771836,28853.134863099207
C08,1458.5014355074409,25089.431365529344,33918.42636681232
C08,-2291.575840342766,20724.710586703888,36667.76704228425
C08,-7723.7439622642205,18829.57184833861,36907.74853533418
C08,-13373.637871484425,19911.09084242404,34615.90433904759
C08,-17718.262909426016,23673.523362408483,29943.866078341565
C08,-19587.286352972253,29096.234822567567,23208.457089829575
C08,-18480.448875691676,34708.32964033197,14870.92770558224
C08,-14704.21491461836,38986.519403451595,5505.481815293712
C08,-9289.486774419853,40768.412790230796,-4240.799078381267
C08,-3712.0308698651534,39568.43359812267,-13693.697020668627
C09,2783.0911443876635,25802.05025771768,33863.303876234284
C09,-1494.134029006414,24628.56765401551,34700.20247780762
C09,-5772.907161652756,25804.28463661406,33227.36172490695
C09,-8883.460889215996,29003.8218485725,29525.417227131373
C09,-9971.138981625094,33355.309645975576,23824.311800115534
C09,-8730.325068094902,37668.95891476108,16493.805463901117
C09,-5494.448273519949,40755.60973469698,8023.854883478518
C09,-1153.3509399416355,41751.5809643585,-1005.3933795015491
C09,3084.5110770710075,40360.58341921977,-9963.05818537746
C09,6023.1482738588675,36942.742698589485,-18213.96932058523
C09,6812.23127800059,32421.668631625405,-25168.120314440202
C09,5187.509065235604,28032.365948987244,-30328.06206870637
C09,1548.4221244722335,24979.95533521086,-33328.93070336115
C09,-3150.2010025811105,24106.272105967444,-33966.595806802565
C09,-7661.054217967335,25659.154186161653,-32211.1023359417
C09,-10786.073303206389,29228.3483956864,-28204.729211339207
C09,-11700.318392380312,33862.8776197515,-22246.054445055568
C09,-10169.417040614038,38333.28469101422,-14762.933523766369
C09,-6604.599395515915,41463.720172934736,-6278.042402562455
C09,-1945.3786742873745,42443.21240352771,2629.3677976446297
C09,2594.2918610505367,41034.8407912646,11362.388599270776
C09,5846.841056453423,37631.2338164692,19343.718614391186
C09,6994.930604509293,33145.67121374766,26049.726833900404
C09,5781.172948109012,28769.535006712864,31040.37153684021
C10,-10700.193422680972,38526.125949399066,-13911.307526573306
C10,-7988.8113974948865,41216.36263146679,-6134.82028421917
C10,-4290.95887652427,42238.128265545725,2054.8085235235417
C10,-568.4089963393556,41336.56143226859,10107.295774128175
C10,2219.5533808120936,38765.222926231654,17486.174498413995
C10,3367.3058781535233,35216.03475810679,23701.54055414546
C10,2606.1198034407366,31635.192143407596,28339.532478528
C10,172.6959040465243,28973.182925487163,31087.54297679327
C10,-3254.566774836696,27933.4948536034,31754.229131214353
C10,-6735.643406922432,28785.192818612948,30283.33497061894
C10,-9319.406761762832,31289.004334199948,26760.246553910827
C10,-10299.564149250284,34758.13584040816,21410.192232355632
C10,-9407.851550759195,38240.18325860599,14587.179173678289
C10,-6891.006074151248,40773.699867814306,6753.248256819761
C10,-3447.868398211209,41651.10850927447,-1551.544327801962
C10,-40.8852022172315,40615.56101711594,-9746.899581618378
C10,2367.974645451177,37935.5890119541,-17255.074564509818
C10,3084.005919149812,34334.58973757839,-23544.953176808056
C10,1874.0772177592814,30793.313243323777,-28173.084362399535
C10,-966.8178130334774,28280.266522221857,-30817.52530476227
C10,-4695.544278517026,27485.858867271196,-31301.175662608453
C10,-8324.141870404866,28634.61538822519,-29602.67722878992
C10,-10888.684617724677,31426.64805618382,-25854.545425916214
C10,-11708.809024028498,35122.35817730904,-20329.655030014823
C11,24015.15100433017,-11444.584634672377,8509.329884650686
C11,25268.01912923497,-11553.721145149368,-2582.9822440265157
C11,22774.21640262604,-9361.257048430785,-13071.804328870303
C11,18483.08757593227,-3745.212252106697,-20504.08701687326
C11,14789.140735974712,4658.254298392238,-23133.85972496078
C11,13235.820862646051,13671.754842493969,-20341.059065403766
C11,13703.113922341989,20631.37185397252,-12782.20417185793
C11,14522.259663654997,23713.64715802126,-2232.657371108701
C11,13450.873785752203,22818.523052069442,8839.028542867587
C11,8970.867077213306,19537.934887970685,17855.364015118954
C11,1203.2116497617476,16240.171074740092,22728.397145756506
C11,-8048.9638797056705,14771.798151680057,22334.50649396944
C11,-16147.86632842332,15470.393476563399,16765.434726251013
C11,-20912.068944098297,17007.216926559708,7307.030626662765
C11,-21675.015552247594,17141.470537942252,-3849.592416329302
C11,-19553.086451586492,13988.727623466917,-14107.145727612578
C11,-16776.224559514365,7126.771934216397,-21065.326660311603
C11,-15434.845699108155,-2063.8347567502624,-23088.856602716736
C11,-16319.973179290833,-11022.649636646194,-19700.31210306684
C11,-18490.88390280734,-17269.619411261738,-11696.407231785426
C11,-19808.185773917703,-19624.329173155616,-956.4234597572428
C11,-18138.86846617215,-18727.758725505053,10007.866710467853
C11,-12573.721988390298,-16594.7185255554,18645.54134475966
C11,-3999.1796931046265,-15452.414636777154,22957.444164965007
C12,26154.718796566372,277.10435636464786,-9707.577234784436
C12,20762.265819216584,2693.4073244868955,-18419.696650682938
C12,13883.994769926567,7946.493520986777,-22829.628006622785
C12,8009.83579141374,15266.9521063101,-21903.193459550675
C12,4663.284972413744,22453.052366175893,-15855.780062564938
C12,3663.396740736618,26968.09492938799,-6102.721819930021
C12,3323.7856730641493,27239.123221685088,5075.494034557724
C12,1474.2286963740924,23458.033406277642,15071.416030176764
C12,-3254.971374206939,17457.418810503215,21560.696148396088
C12,-10582.665574328885,11734.565327915343,23039.268644368778
C12,-18617.3493665005,8150.453621268276,19166.311807780276
C12,-24767.665146256822,6995.98399431455,10840.29985538682
C12,-27042.28694290506,6917.565861128333,-6.483999836075917
C12,-25052.137642090558,5738.724322619519,-10851.02875718041
C12,-20181.01758111906,1737.8725548620187,-19163.641631355193
C12,-14829.802031490093,-5306.370573789494,-22999.82218432026
C12,-11136.840367513336,-13873.027193736763,-21459.58418759572
C12,-9863.184465232784,-21400.80442469278,-14902.179059440457
C12,-10044.475032767268,-25563.600115824334,-4862.284543391798
C12,-9595.069268498519,-25435.3185848175,6313.050116514407
C12,-6531.661176671394,-21919.135905259474,16017.893268562484
C12,-149.19036916660426,-17216.45638868872,21996.426484620188
C12,8486.806892046894,-13628.795006522048,22863.467657317786
C12,16995.15159705944,-12337.660259580545,18419.85072514464
C13,4541.338330006257,38342.749352066035,-16424.109311835888
C13,6869.281577892419,33501.79911131237,-24284.692331122184
C13,6440.767382957747,28113.383185511808,-30455.156602529623
C13,3354.5841204285985,23638.50472606796,-34506.31721618532
C13,-1568.3280460582419,21291.801959065302,-36159.07280265143
C13,-7008.056329536427,21711.427988222025,-35303.929961042915
C13,-11504.39228996052,24787.096186362396,-32007.448069020655
C13,-13852.046994519671,29692.37691036018,-26505.47907707582
C13,-13424.509709830158,35110.699776717454,-19184.288582112953
C13,-10339.636501711722,39591.867069047046,-10551.598727161661
C13,-5424.224039220613,41941.65426595196,-1200.1985433473228
C13,10.59265820833575,41539.89224773776,8232.983073484274
C13,4521.255024343276,38503.210572164164,17109.4827722491
C13,6916.55791103162,33650.89892941204,24830.954373060133
C13,6573.4933897422925,28284.50128601189,30877.5710450222
C13,3601.409706028414,23840.266055341006,34841.21595375125
C13,-1188.237494971896,21506.31414962609,36451.81300281773
C13,-6498.537382900846,21905.392419782384,35595.41915106061
C13,-10893.486064954497,24927.20206677364,32322.957171853595
C13,-13182.963097676682,29755.63448980482,26848.76597217793
C13,-12744.05406889854,35085.28780316133,19538.546733230094
C13,-9691.954339775559,39471.201454698006,10886.836013473785
C13,-4852.638830865917,41719.066561903695,1484.862683206949
C13,457.6675525191622,41210.56741566899,-8019.5031508617485
C14,15049.019165436288,-18255.933717898795,14761.582014209576
C14,14323.084541120636,-10722.987683008332,21410.8155559767
C14,15652.852457816465,-1524.1481873994148,23069.00853787935
C14,18998.38229630969,6678.26017700927,19358.905122594864
C14,22715.2195721201,11850.504332524519,11149.880242657457
C14,24430.28378799347,13554.866648642974,351.4376608660889
C14,22330.679527315304,13064.84471000522,-10528.431066724535
C14,16178.299053027196,12574.815153232017,-18960.448669264082
C14,7507.792548421772,13929.29240470708,-22978.303753345983
C14,-1103.845932472636,17552.99368190126,-21637.850158020003
C14,-7314.288777908585,22160.196765472174,-15243.668340521714
C14,-10161.589813404622,25408.471624947393,-5285.030335741394
C14,-10464.77902816252,25152.088031426338,5910.066083606223
C14,-10264.513780892934,20619.117747115728,15723.748662596587
C14,-11611.443317248335,12872.118293323809,21866.525561053575
C14,-15365.46202854808,4302.186113837143,22913.03825803126
C14,-20658.100486462445,-2568.530836472703,18628.486621645494
C14,-25305.050653364997,-6333.065899790748,10015.259635194947
C14,-26944.548300705803,-7335.16069247421,-923.7869762613983
C14,-24293.931669583493,-7365.390140056485,-11648.030601048873
C14,-17856.406430487357,-8587.253928210535,-19663.80555421997
C14,-9700.132640936166,-12269.618545636169,-23100.8963936476
C14,-2421.934750911345,-18006.834089726068,-21150.095726671123
C14,2157.0118669957706,-23852.394982904447,-14258.706253803019
C16,-11063.610133952181,22039.62961680864,34504.58659696505
C16,-15590.37102615165,22817.663906610313,32076.665751045322
C16,-19124.469364176744,25781.799117133472,27477.848353687077
C16,-20701.297809018164,30131.112013625203,21008.47789757552
C16,-19885.044078795538,34684.83207858247,13099.945020435049
C16,-16891.113260721548,38198.73058968399,4288.44014673949
C16,-12533.111714661554,39702.88321234907,-4820.092978330609
C16,-8005.536733596377,38768.89370592889,-13591.927150077723
C16,-4559.138746714461,35631.62960202402,-21411.502784620814
C16,-3157.4330024691335,31129.388411333173,-27727.54224457642
C16,-4209.982509483484,26476.96488890039,-32095.065969949723
C16,-7457.661233565426,22933.74652725313,-34209.21808266742
C16,-12042.450965703478,21459.26873566304,-33927.63984688008
C16,-16741.962480846698,22452.211911011447,-31279.456445214644
C16,-20302.560197106945,25644.570069320744,-26460.519136417814
C16,-21778.328730278554,30178.33562840338,-19816.039535864944
C16,-20783.32140992867,34841.05834439647,-11812.912631248235
C16,-17590.3815439668,38393.85109389307,-3004.7068991188876
C16,-13052.874183928898,39902.28032637213,6007.5182998641685
C16,-8373.32688445358,38982.241034665676,14615.60901683843
C16,-4782.487293116668,35897.50821558513,22243.419161630016
C16,-3214.0622449363673,31485.620980219974,28382.631197617884
C16,-4059.8685593947675,26933.38096160408,32623.78656773059
C16,-7068.384652499609,23461.432205914778,34681.36655401151
C19,-11089.637175552072,24769.746074026545,-6544.263102344965
C19,-10757.802657693948,20005.347031092508,-16205.621097131778
C19,-12002.96775493882,12077.593735387747,-22088.363518916736
C19,-15659.355390836596,3405.6736865261605,-22814.830834557597
C19,-20819.02866529848,-3478.9993506444393,-18210.728651558224
C19,-25264.33230701189,-7187.537980680927,-9350.042595830819
C19,-26633.078631369674,-8105.053566502461,1695.843709215231
C19,-23688.96612237503,-8062.293322251036,12346.378149160726
C19,-17010.15372672328,-9231.854378428785,20119.075657643305
C19,-8725.439800468188,-12852.879803330703,23208.6270449898
C19,-1442.9917709391843,-18475.41123348973,20902.059374075132
C19,3054.038038046685,-24129.533009831146,13738.474333714797
C19,4653.844993445958,-27328.174334909563,3382.2016555924974
C19,4860.6731644887495,-26370.712631114366,-7760.296901902325
C19,5872.331441607278,-21254.362194568017,-17095.174569205174
C19,9286.193919354286,-13704.760174509129,-22443.478989658426
C19,15131.567307972637,-6303.694289227951,-22551.99892106938
C19,21756.42057052952,-1176.2259153755176,-17390.98791831468
C19,26638.796775073162,1060.2161375714008,-8164.973376947355
C19,27691.770131132766,1520.720599349909,2969.2016022030075
C19,24359.495239218686,2334.5297326887903,13410.85544443796
C19,17913.30051617579,5378.789410723468,20727.022549961406
C19,10791.3496257347,11155.10797630218,23219.239380966625
C19,5340.9279980753945,18416.720748326054,20313.381302490205
C20,-16510.34778904566,10832.527528939749,-19720.635663058645
C20,-15455.5413993799,1923.8464828386375,-23144.275477062776
C20,-16632.02611234409,-7279.604995371843,-21169.372299618204
C20,-19302.698341284446,-14205.736676134959,-14252.189166812172
C20,-21400.217007784195,-17422.71658691795,-4005.7631330174345
C20,-20670.44899247092,-17294.736088471385,7176.585800142207
C20,-15942.626996548717,-15680.340521177593,16683.858453948123
C20,-7836.821769504754,-14841.281659103981,22300.58596754048
C20,1475.362942522306,-16156.872645985242,22722.997684932263
C20,9328.521057539387,-19339.312849347185,17857.990009264307
C20,13874.538152373247,-22569.740552446034,8840.075560611014
C20,14952.295741214037,-23479.334217926484,-2233.358400883419
C20,14059.399987287388,-20449.915723015725,-12787.021388592782
C20,13446.61650109715,-13538.26434633442,-20363.48739692694
C20,14822.484270873265,-4526.486211742807,-23194.290192605702
C20,18365.376654598225,3934.995970289151,-20614.295696020192
C20,22578.45433140987,9639.879186025866,-13221.226081759798
C20,25071.76515027986,11895.044089284287,-2739.647621474612
C20,23854.223084059464,11774.795415604363,8382.08846885577
C20,18438.070003415618,11427.093835328225,17547.525698689722
C20,10157.221706763656,12812.404371628987,22621.540518667098
C20,1527.208801722925,16561.94661703776,22427.137115193917
C20,-5008.642756316655,21572.639469426835,17014.616352922792
C20,-8277.531558169458,25555.09876017739,7645.457406625529
C21,12386.71491800696,11400.24545081889,22279.64808632416
C21,11177.807118194707,19436.591087438213,16651.726999746305
C21,11562.876352641526,24394.369144047974,7151.900760813974
C21,11511.28226376185,25119.357072065046,-4011.119160986183
C21,8934.909416372198,22280.250427108935,-14240.286703849972
C21,2913.8883824491713,17958.94071812692,-21151.854876230947
C21,-5692.142018444627,14506.97145377293,-23130.93454299495
C21,-14583.209045206659,13280.744872627072,-19711.22976230944
C21,-21136.03308911344,13935.644764441553,-11687.96937669252
C21,-23706.064825338493,14660.433960711542,-934.3348702722284
C21,-22417.941625303687,13225.402615193956,10037.80621208582
C21,-19021.48764388693,8274.99646560511,18668.54211893649
C21,-15895.906308398597,162.1639302285472,22949.321510255617
C21,-14744.067891706414,-9128.167683383648,21888.44806823052
C21,-15680.08350113408,-16926.404637369327,15736.693579613455
C21,-17195.717352161522,-21192.03900004445,5925.8118994485085
C21,-17019.261067116975,-21498.211827420535,-5263.1550687108365
C21,-13405.452270410035,-19167.70404322221,-15226.763427881047
C21,-6164.274611272494,-16490.890128355768,-21642.606510295573
C21,3127.5819793858304,-15445.287391619911,-23011.007604337625
C21,11854.378849669632,-16604.964501454466,-19008.161681565976
C21,17646.25970855585,-18828.948604696416,-10565.758040481927
C21,19537.23145620028,-19899.662739495052,344.8572157909739
C21,18376.807678463316,-17767.867470625988,11175.294465970877
C22,1005.4197549240831,25521.052694547765,11279.541391264302
C22,374.2846422535128,27916.291575391242,477.0716033709668
C22,-219.68505126788003,25896.28373922843,-10436.448734299884
C22,-2814.4959311980147,20331.260366436858,-18921.111734113616
C22,-8269.178688087883,13471.42566086117,-23000.4539846052
C22,-15688.970197533563,7778.015997288787,-21721.190602113737
C22,-22800.913920630905,4664.113503856053,-15377.35606976405
C22,-27086.335003344248,3817.230094615946,-5445.441825720051
C22,-27068.783347748165,3465.4524952664733,5757.683490348359
C22,-23067.361498856582,1441.846533022741,15616.710818435946
C22,-17009.553037513033,-3531.1713920553316,21831.630981571165
C22,-11405.181652391717,-11036.456472820139,22955.92375305687
C22,-8035.519396607051,-19074.483276697974,18731.740975862267
C22,-7060.783997389261,-25035.71273213255,10146.21191336911
C22,-7019.306465909768,-27014.356792060258,-800.6964510754053
C22,-5711.9159548647995,-24764.310076825983,-11561.32097257269
C22,-1492.2642529904842,-19789.80521603958,-19631.2163120577
C22,5732.565159787549,-14524.537306582037,-23130.18647707966
C22,14332.433484863479,-11038.79213534426,-21239.882358441817
C22,21713.61085344375,-9965.867465076315,-14396.80078333974
C22,25608.441731741204,-10222.440729821896,-4194.218773456909
C22,25209.160365327316,-9672.78327627761,6987.502873718868
C22,21538.597892207334,-6377.717028023089,16538.06916630942
C22,16859.200121757607,249.68885523153284,22229.794650647644
C23,-9779.72836270634,-22724.361663452666,-12921.719134425775
C23,-3958.3396351404617,-18948.68731551342,-20106.618867104957
C23,4408.209166452655,-15760.239409941994,-22607.86707438874
C23,13218.463641782768,-14504.679774492564,-19842.46825809187
C23,19990.932286449402,-14966.58916721118,-12453.606023504488
C23,23082.214295746726,-15529.382733175591,-2162.092119089247
C23,22469.352859962793,-14111.603633792836,8633.427660874753
C23,19680.43777037315,-9374.332446508271,17415.842841007016
C23,16913.626527066088,-1546.2920158885843,22137.544699231534
C23,15821.114763242576,7582.411356554744,21698.28677687457
C23,16613.687706066874,15499.93426380581,16201.177865573254
C23,17966.92156708283,20200.55889507257,6928.041435382782
C23,17777.87506760782,21147.968016121187,-3959.6540302463864
C23,14363.437592696595,19462.777786175342,-13924.832250758584
C23,7453.324962669196,17238.749529635592,-20646.115591391394
C23,-1559.4550936338997,16359.18823584275,-22558.030987473252
C23,-10249.430814737518,17451.76831696504,-19214.75810175313
C23,-16338.083754348692,19543.699384944983,-11394.095179865333
C23,-18796.334584993452,20602.684029860888,-917.6197123298588
C23,-18284.841094137973,18673.487411288967,9772.739806847052
C23,-16700.087291611137,12998.02921855219,18184.3561370955
C23,-16074.125988809796,4513.087979342842,22356.157176421562
C23,-17423.60803048407,-4546.57000800324,21316.16052842587
C23,-20169.756435443793,-11731.130035064278,15307.48990021893
C24,20923.805162095992,1912.7541562780589,-18376.830157967852
C24,25338.081408974314,5946.200931789428,-10059.939094104278
C24,26897.635065435283,7360.447774284146,602.0349016514272
C24,24358.973075197533,7781.074022413506,11123.096087249465
C24,18158.289891772973,9220.507542916059,19046.034920458318
C24,10225.228000767904,12882.2520370209,22519.926404192243
C24,3015.5855359452657,18412.98498945069,20735.230499421268
C24,-1718.2760344400033,24011.79114024604,14112.15541736748
C24,-3760.792272376247,27340.515294852437,4199.104107315036
C24,-4429.031881970182,26746.150617475963,-6692.199887429794
C24,-5742.525582283014,22139.55628684599,-16026.843940820745
C24,-9220.977875801884,15061.550226430521,-21634.878518400903
C24,-14959.335253525864,7903.167883011525,-22212.188898245073
C24,-21478.314716552788,2695.974784905536,-17621.630564184106
C24,-26434.940282164236,114.17164090641774,-8927.22030040639
C24,-27819.83386728598,-782.5754224859957,1848.448396565055
C24,-25004.592012698635,-1929.7630418124097,12192.268365942056
C24,-19076.209920788326,-5096.633916129995,19688.181631543877
C24,-12275.080199090109,-10813.274772860934,22585.179832015172
C24,-6837.245822191175,-17972.275973306787,20208.726388219122
C24,-3863.779753354974,-24325.918856230088,13117.196220498106
C24,-2822.817895638015,-27614.51362532632,2967.9381690400196
C24,-1945.0765710751432,-26721.312081289183,-7872.813675879686
C24,708.3871433460749,-22236.986136574567,-16882.351400684875
C25,7369.379545322797,-15124.382587900169,-22283.323171002387
C25,14801.410255217788,-9734.216117320359,-21574.069111684876
C25,22000.836478208745,-6620.451679604676,-15842.18444586499
C25,26579.07011313911,-5544.40750497198,-6418.959238729807
C25,27089.533033601627,-4890.595186853132,4501.1040313178355
C25,23755.469358609236,-2643.417174259918,14370.363508330483
C25,18326.578658093207,2409.888102363307,20884.499123682268
C25,13140.501558586027,9904.336358569113,22523.40736564112
C25,9894.913524781567,17974.99681327464,18906.936182620746
C25,8790.871527897789,24150.97825228732,10881.77299272071
C25,8504.542371537305,26588.774827758087,320.97083403996334
C25,6996.062798842473,24986.5793541927,-10314.858754443781
C25,2714.377853802506,20693.82262591999,-18550.73198175506
C25,-4453.532439919123,15962.019386204815,-22471.110512183455
C25,-13001.492796440494,12740.771179310144,-21162.81495301628
C25,-20492.813671668733,11662.508734486259,-14927.172951148976
C25,-24757.597993262905,11757.123627603185,-5213.025903892989
C25,-24964.76062237238,11048.498967745412,5716.814480573496
C25,-21997.125385948475,7712.203061899601,15312.05644748901
C25,-17928.174460953593,1168.104508627952,21332.334965916678
C25,-14882.857790520606,-7487.329773094144,22373.060752425135
C25,-13898.079161498365,-15948.744752689174,18193.844214540997
C25,-14396.818337826007,-21822.997045185584,9772.542667125661
C25,-14555.750565902805,-23805.556460779586,-925.7816969713011
C26,22044.242326295782,16571.241950600815,-4172.865071509942
C26,21171.167605480296,16846.037487087764,6741.989803727441
C26,16456.52201072043,15742.489884018278,16081.349991313318
C26,8524.309108127945,15345.222197210254,21662.3285938759
C26,-555.1380515007163,16896.524073723813,22182.52383120265
C26,-8269.099926514931,20076.237096469507,17524.788870870507
C26,-12893.936479460495,23150.210480941056,8780.89340739743
C26,-14296.686135492531,23905.496922358983,-2008.1504102895926
C26,-13884.972208487656,20866.357211153638,-12330.50790806209
C26,-13742.100738703119,14137.209167400804,-19786.961359132765
C26,-15417.930249995172,5421.495046764573,-22644.620654885195
C26,-19025.453172197067,-2794.6179172188845,-20236.320238067583
C26,-23127.873008830193,-8462.933350797404,-13116.929166123582
C26,-25480.989480714332,-10953.571410982075,-2939.8122377113637
C26,-24238.972744576666,-11274.920996560591,7923.14943419548
C26,-18977.586907764533,-11416.152797484012,16934.57416830109
C26,-10979.606817185648,-13168.183212802967,21988.30323222658
C26,-2622.7172235707035,-17064.75875213247,21905.50410651564
C26,3803.337675911879,-22021.435171260924,16710.029274720448
C26,7215.790582579377,-25869.864128241337,7618.853214419125
C26,8198.082896087635,-26499.05498705274,-3246.672783010861
C26,8562.289658470869,-22989.453669251823,-13357.49334119276
C26,10259.317520217559,-16132.72463384864,-20363.79066254055
C26,14227.031396247872,-8061.013006894732,-22637.04672779354
C27,-21093.67836506667,-6720.407700863546,16962.602155805303
C27,-13637.867793197442,-10144.903437680885,22109.99442850878
C27,-6296.681873460641,-15813.382114149645,22095.509040989946
C27,-1106.611826406816,-22150.343349382103,16924.01840673119
C27,1331.0250013817586,-26759.604946153533,7804.631282997511
C27,2061.234994014729,-27661.52193856045,-3134.189524705426
C27,3093.7407507333764,-24330.338971434063,-13343.434497802093
C27,6203.121848330782,-17976.390842251803,-20447.667871775273
C27,11861.161886432568,-10924.466431914392,-22795.376598676103
C27,18877.34499192009,-5422.332858808793,-19839.94708519834
C27,24943.4333647193,-2513.8736409559892,-12266.432698551851
C27,27796.513302581512,-1574.4660466506634,-1835.4119226472505
C27,26383.630244121156,-753.9387134365533,9023.211290860161
C27,21405.21497802919,1912.493758189883,17775.79951993368
C27,14943.26498815779,7326.51639174382,22378.392081120368
C27,9372.125033231678,14723.14033149523,21756.56950046843
C27,6137.175687921064,21973.56509221497,16057.115321789955
C27,5056.843175773856,26636.798539393294,6612.255031177662
C27,4518.7463262146375,27197.87513308403,-4373.982188501974
C27,2457.4152585696056,23830.190988757186,-14341.984179907098
C27,-2419.128340843226,18276.482019157826,-20972.769055318015
C27,-9817.491029137376,12916.43222279214,-22724.92634194488
C27,-17900.11491894735,9521.812315315696,-19190.116669863797
C27,-24161.96751896206,8362.696829718676,-11188.110288726504
C28,-5775.509034911992,-15096.383536080271,22752.631909389984
C28,2669.800730693303,-18496.840334071778,20729.99772615742
C28,8638.376921388202,-22622.226091667406,13878.565448975447
C28,11328.814891013779,-25223.36573322384,3794.0229719971376
C28,11630.284027617414,-24333.56208172123,-7174.4322799114
C28,11528.331960531239,-19353.024112198847,-16470.860826646523
C28,12931.17106810233,-11425.371495525587,-21928.359178916493
C28,16551.742697701677,-2901.010065089345,-22274.340284225782
C28,21450.619869398375,3828.3638574958445,-17427.43200133774
C28,25489.25373188698,7503.533283258906,-8517.099587355582
C28,26453.455108599614,8555.376617462873,2379.170947286039
C28,23245.05802002735,8752.324533008805,12720.819978873798
C28,16500.68556055126,10132.870294587765,20097.68307023317
C28,8303.807342677293,13803.123256706689,22791.883532337655
C28,1143.4549001339656,19250.618901185877,20176.781213278042
C28,-3324.685394659779,24546.228810214012,12861.734742526703
C28,-5055.998658384928,27328.979244026148,2550.405186088017
C28,-5522.573572422562,26048.67834932436,-8355.078554521062
C28,-6802.6377751068585,20801.104088709973,-17313.343576764262
C28,-10347.81115502829,13306.689377034965,-22236.23961580722
C28,-16095.814045727704,6042.330231906278,-21975.76416048744
C28,-22410.587549635868,989.7575014152322,-16591.93357413148
C28,-26887.11306253439,-1331.7032711003637,-7339.458499434551
C28,-27593.194642270213,-2033.5421082447115,3624.352791806659
C29,-17085.941898498128,16368.813665303083,-14795.822769203776
C29,-21081.243582774045,17593.133435307565,-4970.697472767849
C29,-21325.42007716069,16958.637541205553,6013.113298108567
C29,-19188.759681166324,12924.776785213864,15594.659008348903
C29,-16863.107365514792,5488.439789097246,21539.600642871526
C29,-16131.7700829734,-3704.97922905234,22462.0938559607
C29,-17384.82280841905,-12126.927477345505,18147.76687039004
C29,-19410.15067145344,-17601.82654244955,9603.092810222068
C29,-20071.91182675256,-19356.49682754239,-1179.749639117303
C29,-17510.274910350076,-18325.68973427927,-11687.777061086426
C29,-11215.221677063208,-16555.39165989283,-19473.18359752538
C29,-2394.4456912760606,-16029.503138010883,-22723.032643473456
C29,6565.587561722466,-17553.53508027418,-20680.23598314299
C29,13261.226874210683,-20296.033634091924,-13819.505300360883
C29,16439.91645399927,-22234.759813468034,-3738.1226867649107
C29,16555.245476497494,-21269.40668519159,7214.612089524653
C29,15415.473902120222,-16403.022745527953,16484.889722923566
C29,15118.308226740728,-8354.191072484316,21910.991946900955
C29,16849.1208053624,733.4623654976301,22228.131019987937
C29,20192.673043749513,8332.681220180777,17363.090232227132
C29,23330.48466941926,12770.66657890103,8450.686035891684
C29,24018.715886427068,14005.36638345981,-2431.2644326441737
C29,20821.066445923443,13529.676267695457,-12746.79550317306
C29,13933.017517557206,13461.221539927556,-20093.052627732057
C30,-26977.272117786855,6665.192651978951,2400.1821249445443
C30,-24354.543659006074,4773.458892935938,12725.458127217882
C30,-19359.13248167178,19.509879119439052,20079.906508077882
C30,-14338.739084685394,-7429.42791312749,22748.190020663267
C30,-11130.282400304763,-15823.1028574716,20110.727566885384
C30,-10117.305621537975,-22656.111493309112,12785.92215906869
C30,-10093.613860275338,-25912.397960911054,2482.980876548901
C30,-9000.287632726822,-25062.92123890527,-8398.108162110215
C30,-5134.355919949132,-21286.748563913123,-17325.163161748806
C30,1823.8856230215738,-16801.879037878538,-22221.082398231007
C30,10519.361292866279,-13666.87622909004,-21944.90829667356
C30,18527.819789611305,-12694.660890037274,-16557.40886710514
C30,23542.0099421018,-13058.717117292617,-7310.124462441925
C30,24510.488476914838,-12802.625490587377,3642.4779308027464
C30,22121.75956980431,-9979.181070290388,13744.608169719828
C30,18374.291964766406,-3802.9019104306317,20638.063578372443
C30,15465.57919261907,4811.270948033957,22715.383625307626
C30,14601.522822108855,13619.345791717433,19495.02859198534
C30,15367.90713794332,20134.335565740374,11731.199216546787
C30,15999.089810817884,22847.998747207257,1235.0833672010938
C30,14394.787785344906,21938.58337858195,-9548.676276311404
C30,9334.794594286892,19091.72581602862,-18110.700785252277
C30,1236.8329298968363,16536.19032042466,-22458.70382090853
C30,-7951.86981570913,15814.167282445578,-21578.961049610152
C32,-12442.417350332807,-11360.428851863118,-22223.47159452071
C32,-11284.291530730676,-19403.108519860423,-16549.678780455808
C32,-11685.251910221808,-24335.085024386684,-7011.307575402774
C32,-11602.00736279962,-25026.690684403293,4164.1227905410915
C32,-8960.69426694278,-22181.511844961864,14368.505375865134
C32,-2878.101333441604,-17902.21772318725,21224.531868995142
C32,5750.335060398894,-14530.932169533029,23139.156507311658
C32,14614.17829720446,-13391.096375176749,19670.429832413687
C32,21110.43098270696,-14104.347933994044,11626.587687695366
C32,23629.371319976803,-14843.801885978055,878.050180635271
C32,22323.169033349797,-13385.020069206068,-10074.584244277821
C32,18950.48092131184,-8390.357027724825,-18679.69846172819
C32,15881.23755146285,-234.80162186365715,-22928.838376976946
C32,14795.82148485453,9076.849097903203,-21827.355807575528
C32,15779.033464685526,16865.707032093324,-15629.771590778128
C32,17298.32208533783,21101.38337999929,-5782.429016869964
C32,17078.628127473698,21385.32772816448,5415.028080528009
C32,13399.866906201907,19069.673877715868,15349.75402880613
C32,6113.117346474048,16452.985122763483,21707.851240721677
C32,-3175.0567131453804,15492.182538893296,23012.509060586373
C32,-11850.524912192099,16726.425971277455,18963.56418908092
C32,-17573.524106722296,18988.82108096949,10503.91223129003
C32,-19415.172568514623,20057.433647344715,-399.3583975633797
C32,-18248.227246753006,17896.164996341377,-11209.332283767428
C33,10993.777896067102,-24753.831293124094,6675.633781033502
C33,10711.723903640022,-19947.48042697778,16303.740224696414
C33,12026.230730285093,-12017.847468449414,22130.233763944052
C33,15741.503760937758,-3393.002833701741,22800.216900904943
C33,20926.619072547783,3417.6176774362343,18160.94009766665
C33,25362.9360217123,7061.764345481163,9294.33669483699
C33,26705.761784964932,7952.350772490798,-1735.4989610802756
C33,23739.502716717096,7926.766636770001,-12361.224651256282
C33,17054.744618851608,9145.737873854157,-20108.084791911537
C33,8782.804556357845,12826.356822751253,-23169.52455259873
C33,1526.3200841076132,18493.583599167727,-20829.02923859751
C33,-2945.2894889684535,24157.74845995143,-13629.52522660824
C33,-4539.904977564321,27328.969078960716,-3249.2216689747524
C33,-4776.614651757839,26327.580175818668,7889.533358778755
C33,-5849.246648576155,21186.249331002236,17187.729641229795
C33,-9329.934766405984,13657.028858827487,22478.486255638254
C33,-15217.244770627736,6319.547489884287,22531.99053278766
C33,-21844.72937913673,1269.8050820361823,17339.000768005568
C33,-26700.80831539864,-910.0564706882574,8110.128256372092
C33,-27722.86445568424,-1355.627464506019,-3006.3426252904874
C33,-24375.64868688518,-2195.4153737926968,-13422.830192404339
C33,-17938.18886058449,-5290.82599517047,-20713.07574187954
C33,-10844.686104743249,-11121.037855153281,-23176.646709464032
C33,-5430.194728516117,-18416.588329882063,-20236.266266383103
C34,26825.05400027416,-7686.870636592637,-923.3242659621711
C34,24744.265543150188,-6030.920665505256,-11449.358565607452
C34,20109.321033507396,-1545.502964306174,-19311.743769172175
C34,15226.337985602395,5760.052010020719,-22681.496983521312
C34,12003.558148740243,14264.345740713596,-20772.695326347894
C34,10964.092753252879,21486.08576222488,-14025.925488182527
C34,11024.303330661669,25309.04021918008,-4009.529598969293
C34,10156.082204142682,25030.455461584388,6942.115198353396
C34,6576.6072277254125,21672.79006009927,16272.81187078658
C34,-178.92481362839044,17391.02137688041,21804.027780561395
C34,-8886.532841109567,14295.778487019332,22246.07641117537
C34,-17170.7289679414,13328.310702529652,17498.91790760257
C34,-22665.302440445223,13792.668308239381,8672.847517390825
C34,-24178.29857002764,13792.786887188417,-2173.422382828976
C34,-22241.51412569339,11333.947410384286,-12514.047379532221
C34,-18756.19651292467,5492.2728996930555,-19943.368915283998
C34,-15930.167753456924,-2978.417046473631,-22733.008654906072
C34,-15077.877597722,-11930.867349624312,-20231.745687047238
C34,-15925.281082229394,-18853.514775582975,-13018.039863724372
C34,-16791.591824646566,-22101.855997586517,-2769.3684109306973
C34,-15551.754486032332,-21678.711347393513,8125.226036749802
C34,-10862.204778553869,-19146.82368034796,17122.609009000687
C34,-2985.6003404223293,-16721.890811426667,22122.18740110046
C34,6236.438144985697,-16037.512168434512,21958.643408756045
C35,5371.3776900661405,15293.052188494927,-22733.348284595457
C35,-2862.278616690947,18941.173786448442,-20295.785397517266
C35,-8511.503276844565,23094.71027931415,-13129.793871514037
C35,-10950.598833693846,25481.85535398084,-2900.98594296736
C35,-11210.494994905393,24240.564965678364,8004.986272527551
C35,-11308.516700158832,18950.72623603013,17040.18292600078
C35,-13053.877115643178,10916.417572410357,22094.01541543109
C35,-16979.689886829852,2541.3071290776393,21989.355543363377
C35,-21983.4062601619,-3868.235498306705,16755.959800825636
C35,-25871.045295734868,-7230.577354172013,7618.858052527612
C35,-26511.457056662355,-8147.545114737255,-3291.5421305121226
C35,-22980.586436224745,-8458.104093682989,-13436.796692780707
C35,-16083.937347740422,-10135.318213556759,-20458.631445176474
C35,-7979.0698211064255,-14122.788052885118,-22723.323792483487
C35,-1098.2515413643625,-19736.139653619313,-19699.764192519277
C35,3058.473653795584,-24954.07949992688,-12085.973702787149
C35,4619.887252142134,-27450.5477404351,-1652.5055268906406
C35,5158.735550233604,-25820.648085122208,9166.578838064415
C35,6725.750142574868,-20341.590741411914,17843.42281781274
C35,10627.424311421672,-12854.757341169521,22351.461510030756
C35,16614.41448134738,-5829.802430531122,21641.44919160279
C35,22924.116176127984,-1114.761311138969,15884.488267135208
C35,27156.45597074701,957.6469545965781,6427.297772000187
C35,27512.69562571575,1634.5958180727678,-4525.749439306698
C36,-7497.1815608919205,15120.232839211334,22235.508949661762
C36,-14817.573654508076,9568.99911486326,21640.29357995531
C36,-21992.74384961352,6286.07506656641,16008.324543943727
C36,-26627.331453121045,5107.937497445218,6650.349584509752
C36,-27221.417872897982,4466.096095329388,-4255.896652910602
C36,-23925.87205462148,2338.258244337218,-14170.465482170343
C36,-18439.05728040164,-2547.6886328526653,-20781.91110578291
C36,-13099.610750065409,-9908.285350093573,-22546.814323348113
C36,-9661.105803981578,-17937.30045590739,-19051.502072127918
C36,-8405.536670208689,-24166.760519368716,-11110.39474475725
C36,-8070.340332197511,-26700.020853773003,-576.5968338727814
C36,-6625.008470492191,-25158.11871499499,10091.932631107064
C36,-2474.0048865311333,-20833.138310253024,18408.133193719797
C36,4567.602162736976,-15969.447999964848,22436.372632152033
C36,13055.059627839648,-12562.545839553908,21241.23124404046
C36,20572.30725536854,-11320.621988157145,15102.282915440956
C36,24919.494795186536,-11342.109807610928,5448.123601638399
C36,25199.99740652495,-10677.765756759174,-5474.452320591211
C36,22229.925394458583,-7473.043618566617,-15121.398577820231
C36,18052.851386692415,-1074.7461072437493,-21243.34279301905
C36,14820.670635279663,7497.562637724869,-22410.849050300396
C36,13642.009912031077,15975.922956972323,-18349.641630161008
C36,14017.39909620446,21943.856887288664,-10006.358158712446
C36,14164.52130747578,24027.187055462087,671.9491604405679
C37,-21496.296972162883,-17450.534970098975,3600.908293661099
C37,-20450.818006172023,-17558.439673829685,-7280.488845369228
C37,-15609.39634169812,-16263.044940602986,-16467.294295125484
C37,-7601.502103525128,-15654.263879636206,-21820.03403912939
C37,1507.2810826981497,-16980.237726465675,-22089.675028201866
C37,9209.792847285871,-19930.205168910466,-17209.783943366518
C37,13782.738096397756,-22779.145291623066,-8315.144291900859
C37,15091.843431208503,-23320.295958680108,2520.227424864897
C37,14548.140724341052,-20085.6610962551,12767.333014385238
C37,14242.724088741099,-13195.051031285167,20035.211135418765
C37,15731.572616105926,-4372.420265428402,22630.810744436825
C37,19130.191700904325,3881.93068742185,19952.65288133589
C37,23007.283340791913,9520.940620734285,12627.795473969974
C37,25134.202976038552,11927.706658739691,2363.352126221739
C37,23687.772242939227,12123.895348925946,-8451.154017227902
C37,18261.76863023411,12105.448937442734,-17298.531821428034
C37,10144.25495818322,13667.091960149404,-22118.070771054085
C37,1709.314542617077,17349.772772330758,-21784.651089811818
C37,-4755.9919186421,22079.46344281664,-16372.334847569578
C37,-8166.787056992776,25696.28947108807,-7140.3323400672125
C37,-9104.255793677561,26094.96430709529,3758.27803820718
C37,-9382.522783505952,22365.265477412664,13779.663454381143
C37,-10956.228578067674,15316.780945600856,20585.81389776946
C37,-14763.687710178741,7102.916449831637,22591.722729016103
C38,-6483.45758579684,30940.187472093083,-27760.946854690097
C38,-6305.032528458275,25790.308934415167,-32643.407722545093
C38,-8732.346281710454,21233.654864414944,-35275.43050779923
C38,-13115.7958908532,18499.332056626223,-35477.60470476293
C38,-18277.36236044254,18324.675407917788,-33238.89142698436
C38,-22829.133757938598,20756.869744026088,-28716.606268504966
C38,-25547.76655907104,25141.401918761818,-22224.58184706669
C38,-25703.547733680596,30299.6748022077,-14210.610608667577
C38,-23255.639798954664,34847.06260894645,-5224.9916039056125
C38,-18861.687079596715,37565.275520555,4117.465744673923
C38,-13700.061040219065,37728.95335790827,13179.30882416019
C38,-9153.082988404281,35299.28871511259,21343.383860694445
C38,-6436.334283049448,30933.40538465542,28054.10638888868
C38,-6273.134297058692,25807.45348635825,32854.49870319639
C38,-8700.980625354214,21300.895834632713,35416.72873758141
C38,-13061.588385417386,18626.292361729706,35564.26521627251
C38,-18177.373856937444,18503.451341729084,33284.2182456323
C38,-22667.57113449297,20965.247110257253,28728.960499701436
C38,-25319.67560408819,25347.611908910425,22206.726269506922
C38,-25416.616429461697,30467.15750989899,14161.55258841214
C38,-22931.29896219453,34939.45405282062,5143.648606537871
C38,-18535.321024305827,37552.687833038915,-4227.998556560052
C38,-13418.620244089332,37595.79669705189,-13308.30793719769
C38,-8968.172355459203,35051.86434297078,-21471.08321916231
C39,-16415.63453570758,20549.693073975694,32959.18459903202
C39,-20703.04381357253,22438.83107946971,29028.10221740859
C39,-23463.31732212804,26217.87876145117,23102.95897906817
C39,-23951.758266931658,30860.411426248927,15586.66615354072
C39,-22039.519170987736,35104.189641453755,6994.505974814185
C39,-18249.922203930026,37793.08393935453,-2081.245295790354
C39,-13617.398417345941,38191.47615353573,-11012.886577341644
C39,-9406.749189894652,36184.99874879751,-19181.935400624818
C39,-6769.182673371102,32312.2766375808,-26023.317927157106
C39,-6429.26135087646,27618.79821476968,-31065.56514991262
C39,-8488.343671684645,23373.0654440081,-33963.8488979076
C39,-12397.785031115725,20722.883781121705,-34523.40323326848
C39,-17108.35288104099,20385.53773127789,-32711.80448165866
C39,-21354.27240083286,22455.545139124835,-28659.579871462967
C39,-23994.30476750436,26380.986589925134,-22649.547933091144
C39,-24317.79155804315,31113.46706838043,-15096.074856711262
C39,-22234.02703887901,35390.263050723624,-6516.01342322597
C39,-18295.25192882936,38072.48423785586,2506.5257293653253
C39,-13548.132399007123,38448.97259362755,11359.21620197726
C39,-9253.919560668784,36425.42627603112,19441.951623185778
C39,-6551.871487467882,32548.93137347057,26206.288492950272
C39,-6155.245324313125,27861.58783736825,31191.620740150513
C39,-8160.567216483827,23621.953065938007,34055.97135596629
C39,-12021.200997734588,20968.038611723317,34599.503319159834
C40,-24093.71922128501,34058.88342544155,-7175.723189215414
C40,-20329.747287705166,37088.77013363256,1868.5885618843922
C40,-15562.29313660387,37857.694692118625,10786.301199278303
C40,-11055.60045573783,36165.41044426834,18973.194004700865
C40,-8004.934588618045,32468.640597612346,25872.985350381525
C40,-7217.530826708501,27759.642139576525,31014.178230837173
C40,-8896.13700455761,23301.499177071266,34041.98024285449
C40,-12583.365593586157,20289.90850063273,34743.233253900515
C40,-17282.880050121537,19531.425625168766,33062.508311860925
C40,-21726.311260128266,21224.792042075125,29107.884872579336
C40,-24715.1319756782,24905.335600028226,23145.489838260477
C40,-25445.403764981762,29569.00941902343,15582.629514037704
C40,-23726.756771788707,33943.77907335326,6940.269506314666
C40,-20034.962450442345,36835.18523029984,-2183.3815378866652
C40,-15382.805634184453,37451.719166037255,-11155.504026029937
C40,-11044.148765411455,35620.6058523569,-19354.131816320318
C40,-8206.847953258159,31834.669572350434,-26212.736314162918
C40,-7649.794902663762,27117.721874596737,-31260.320783914376
C40,-9532.270252051281,22745.997114020272,-34153.92945651144
C40,-13352.284314876819,19902.347587752556,-34701.30167956122
C40,-18083.909823236783,19357.42845425556,-32872.380623647696
C40,-22455.02412527187,21263.62131066528,-28799.360762956305
C40,-25289.647842195984,25115.994864927365,-22765.817058196455
C40,-25822.833239340416,29889.283722145552,-15186.128633289862
C41,-385.4928900505798,-25901.968050214782,-10286.870899383042
C41,221.0010046948772,-27885.45547380878,642.3046763235631
C41,910.0018832046576,-25457.553393561877,11422.688009327432
C41,3664.8352388341723,-19625.088289485735,19544.8651523877
C41,9227.298470827967,-12700.365155949898,23127.983558986325
C41,16594.619586772315,-7101.514115891897,21347.38371465793
C41,23459.81113375646,-4126.601525684845,14617.452752082418
C41,27361.372793977294,-3346.68618986505,4495.673167447251
C41,26937.60030596269,-2933.7490495117845,-6670.516698668978
C41,22622.820738548347,-748.4277801290043,-16280.821564995562
C41,16410.3172444092,4392.883602856784,-22086.64081973621
C41,10800.585571099271,11957.669720997998,-22722.968623952333
C41,7496.07030578933,19866.310796177244,-18036.747583617554
C41,6547.958182182895,25511.27757741737,-9126.658209506299
C41,6417.187968999491,27080.393065785895,1918.4280340015505
C41,4910.763510535455,24469.30497316544,12517.0288351497
C41,476.3473619967569,19294.574952176034,20203.447761244515
C41,-6850.196450878067,14010.2083217034,23198.808106997643
C41,-15352.338691512628,10609.595300331233,20814.52185338485
C41,-22441.99144686715,9604.890947241336,13604.25561133909
C41,-25942.56621413864,9819.668430527083,3236.789931111373
C41,-25171.924044627616,9100.758832207273,-7882.51373155066
C41,-21252.708148139744,5571.293862669516,-17162.93669395698
C41,-16480.042342367815,-1245.5896576161012,-22431.898324105943
C42,16629.055775401852,-8630.840559008455,20714.195720364776
C42,15576.461827646763,457.46561957918084,23195.7939621594
C42,16741.46507598474,9438.619336592854,20293.28603921437
C42,19208.393747094586,15846.337283764578,12682.720358850866
C42,20847.569532864592,18466.073031689157,2128.353236317889
C42,19493.14697543848,17874.263646451996,-8920.05837116794
C42,14167.62312015542,16034.441524379541,-17889.619829493673
C42,5696.043031279201,15164.485705501816,-22682.50786972706
C42,-3629.3614243112106,16481.629428850767,-22171.35856737082
C42,-11165.984766069696,19505.3721199108,-16470.828091472802
C42,-15225.071513110599,22302.230951700196,-6914.82302168346
C42,-15862.392148949213,22543.989577482145,4258.80830199215
C42,-14732.271257335666,18804.285477459012,14439.294102022319
C42,-14093.218201879312,11388.282176920246,21257.63057878958
C42,-15512.020998458975,2248.6633373460472,23135.665749194184
C42,-18966.742541149208,-5962.56589085254,19644.10486483984
C42,-22825.154694320383,-11199.36238082605,11595.06461392473
C42,-24706.562144331907,-12995.939297775196,854.4289163736647
C42,-22769.56243178727,-12600.291540350505,-10084.086622108372
C42,-16741.654833144607,-12198.88835164295,-18672.061604519928
C42,-8136.505721519517,-13646.009152332135,-22899.849271935145
C42,467.9658176792804,-17381.603554899637,-21772.031030192316
C42,6712.61373556422,-22128.376907628306,-15548.02835560283
C42,9614.619602236211,-25540.986383547744,-5684.7237404375
C43,17548.132340307937,-16299.843657657322,14330.931842934562
C43,21379.099001065868,-17398.469548990375,4433.683698013385
C43,21494.16379514357,-16598.490656913367,-6495.959202003543
C43,19295.00218600324,-12417.645222891559,-15914.271935828292
C43,16959.080232823955,-4908.5083336648195,-21630.424935688854
C43,16222.656002719912,4260.177369102728,-22313.488300498793
C43,17425.761862010404,12578.375227648978,-17801.258013463386
C43,19331.043701687082,17918.40639078519,-9140.679746838263
C43,19815.497865896734,19559.899791655043,1651.7958106183455
C43,17065.684306365154,18470.808030511325,12058.452926042235
C43,10631.763019389029,16695.238466635878,19649.670075563376
C43,1767.1607900139522,16180.511225939037,22654.209593861855
C43,-7134.705702642455,17679.897036442948,20373.649751804667
C43,-13707.57991601915,20324.950411746453,13343.385626669979
C43,-16760.609353412445,22097.003903954905,3204.621798605671
C43,-16797.93991487694,20941.82436090654,-7680.352666400331
C43,-15638.970086930529,15926.477786019024,-16778.447142605288
C43,-15350.092977328277,7816.295770467465,-21973.292894774997
C43,-17064.913728490545,-1238.9188884963003,-22054.988532457817
C43,-20326.941021675364,-8745.585416717779,-17001.120827539897
C43,-23309.150130509468,-13084.056369169459,-7984.972206196424
C43,-23796.704057781273,-14258.026965425603,2893.648659979409
C43,-20407.8736609575,-13777.26175092943,13096.55456955304
C43,-13394.523734459715,-13739.00590450211,20241.6825348335
C44,21314.002763149092,6070.500022405866,-16997.029887132834
C44,14040.164711400132,9800.234566669933,-22059.041569573823
C44,6974.316556694948,15718.418477241246,-21990.09546226856
C44,2050.642140454907,22184.669188978067,-16801.724091888987
C44,-241.45767880528328,26809.90559721596,-7697.297208622327
C44,-1014.422820996216,27683.208788630334,3203.0284280190604
C44,-2269.118443717046,24371.41556040477,13354.950382674588
C44,-5697.092424075337,18152.289994076888,20386.793801335745
C44,-11650.356744767554,11352.64849557479,22657.41354010125
C44,-18841.727438114358,6147.400497636061,19640.46071099815
C44,-24941.94914278646,3465.818705494913,12044.406008683989
C44,-27754.46643369854,2589.1561702808426,1642.972007829625
C44,-26339.02317800715,1647.6674835197787,-9141.052397524178
C44,-21485.192930074132,-1258.3663266105298,-17799.5515850075
C44,-15286.404059836457,-6920.725808719454,-22319.40939755091
C44,-10044.308634856385,-14481.470821341767,-21647.360674466756
C44,-7087.2904999475595,-21781.56757036262,-15935.076337381675
C44,-6131.254054940954,-26420.99913712288,-6508.246216297721
C44,-5523.373019169828,-26970.683293184906,4437.16793486538
C44,-3237.7859324142223,-23689.248750506467,14345.88139468981
C44,1915.6703553422774,-18357.81689420879,20903.053282476558
C44,9528.394492815441,-13320.705661957198,22578.757980728566
C44,17694.377142059293,-10250.385155481343,18985.780033041578
C44,23925.86209866348,-9302.092311578484,10966.828660553032
C45,9177.602917997217,22648.75501694213,13440.730586727082
C45,3249.607828196492,18696.94643419876,20440.565114952264
C45,-5178.043347211656,15411.512703865092,22669.860193407196
C45,-13952.840069508824,14120.382933497327,19611.37481660225
C45,-20579.22637740446,14562.15686649783,11981.641569676372
C45,-23446.530696219994,15076.61064740196,1560.9131059522508
C45,-22593.92370414483,13568.605921141327,-9223.38599971806
C45,-19608.661005328035,8723.162995261599,-17861.571879137933
C45,-16717.824808460293,816.337473840096,-22343.697372693867
C45,-15563.318903739942,-8316.054882975055,-21625.056471691532
C45,-16316.660374565738,-16140.439023867217,-15869.490647839713
C45,-17607.77549446199,-20664.478976311926,-6414.457055059639
C45,-17307.305041607277,-21396.45947006964,4536.963293991734
C45,-13742.791416843544,-19513.85431561087,14429.13630532468
C45,-6691.109291180974,-17152.045360228694,20952.773998020697
C45,2393.50544707329,-16199.11011301904,22586.626762144235
C45,11044.130796345757,-17249.756121052545,18952.518742092747
C45,16985.1357649201,-19283.082451924503,10901.068441687545
C45,19233.623030054496,-20235.568410137475,310.47234042839125
C45,18514.121388234787,-18158.084481091097,-10352.612440748091
C45,16771.684070111864,-12332.980973071868,-18606.84912271567
C45,16050.59915926256,-3749.9968350783306,-22531.491191671812
C45,17343.013424474408,5316.80669308842,-21211.29594030706
C45,20025.73740288625,12409.931355875276,-14950.079430878162
