C01,-34317297.48966522,24448608.32179622,-719708.2920459607
C01,-34320853.360554904,24434811.337615788,-891777.6855465199
C01,-34327666.62107457,24420862.612070087,-1002904.7500512585
C01,-34337351.328319654,24408394.125994053,-1045450.1407520097
C01,-34348985.41109106,24398883.31562856,-1016486.9986681767
C01,-34361242.97531328,24393383.560267344,-918002.5278794274
C01,-34372626.75877813,24392342.03098064,-756758.1891413368
C01,-34381747.40779633,24395547.180997472,-543819.1522666288
C01,-34387584.18986349,24402214.59224401,-293788.7398556513
C01,-34389664.60063754,24411188.97130783,-23801.627508668364
C01,-34388120.45529975,24421209.07289486,247653.34609912278
C01,-34383608.61891342,24431167.754163038,501998.59336233715
C01,-34377120.75121028,24440302.275387496,721836.289231738
C01,-34369731.23949486,24448271.17198147,892133.4678511206
C01,-34362353.16769225,24455103.99013793,1001244.5303496289
C01,-34355563.63880735,24461044.48262638,1041702.5498092123
C01,-34349542.79002897,24466341.817787275,1010727.3007339113
C01,-34344136.74834204,24471054.931584686,910416.0101183776
C01,-34339020.26130252,24474929.007703878,747603.5756874697
C01,-34333909.5419804,24477391.834124163,533401.2559103441
C01,-34328755.818422265,24477672.948325876,282444.22763076366
C01,-34323860.15313492,24475018.065948922,11897.320556866442
C01,-34319868.22303282,24468941.621407893,-259715.35771699515
C01,-34317641.947696775,24459441.732221905,-513778.1334877881
C02,4388529.894034412,41960653.52723256,837074.4631574736
C02,4418964.9321096605,41956346.44254881,234667.42579186958
C02,4444954.81172665,41942009.40811649,-383812.4624942948
C02,4461333.094016277,41919273.16615063,-976048.7630689843
C02,4464386.765187372,41891957.17207385,-1501451.8795510083
C02,4452809.861133051,41865198.78712148,-1923943.9906986076
C02,4428090.993337954,41844222.33040773,-2214452.5785936634
C02,4394228.59079678,41833068.1372333,-2352935.4638592144
C02,4356840.737462103,41833613.632640086,-2329789.443732885
C02,4321895.403123434,41845142.8396921,-2146536.23195625
C02,4294387.232394348,41864574.75267606,-1815732.4379991177
C02,4277294.810411853,41887290.08797672,-1360105.5396050208
C02,4271081.55399107,41908333.09702929,-810977.2206758682
C02,4273854.428081113,41923668.48528129,-206087.23805023075
C02,4282120.020601296,41931158.67709452,413024.62951789977
C02,4291917.613735999,41931005.22725377,1003891.3554416371
C02,4300009.430846979,41925543.28258015,1526041.877802466
C02,4304799.69800614,41918455.105726205,1943771.5209788044
C02,4306729.825110212,41913626.594400726,2228570.0862868903
C02,4308045.144644767,41913963.25829526,2361044.562123464
C02,4312007.28538651,41920497.389888816,2332215.0232056365
C02,4321771.102685168,41932031.81508724,2144101.6576191927
C02,4339249.592356491,41945420.52853266,1809571.1464507212
C02,4364286.872025378,41956417.51841112,1351457.9951996866
C03,-14804016.337675486,39515073.26025129,-400347.19353012583
C03,-14780494.108077215,39512107.28190117,-752920.3275209978
C03,-14762157.673605552,39503526.37651458,-1054158.6986843036
C03,-14750927.766483488,39491086.726074554,-1283422.0431424393
C03,-14747563.549709916,39477004.26234456,-1424960.992186591
C03,-14751611.171548828,39463438.40142481,-1469007.2727252718
C03,-14761612.758514259,39452026.02293983,-1412460.512633858
C03,-14775518.780453311,39443581.036251895,-1259120.408256564
C03,-14791187.538175143,39438030.457410395,-1019443.6878073082
C03,-14806848.43799515,39434593.91864024,-709837.5231028073
C03,-14821407.865001524,39432149.04862761,-351536.63434403075
C03,-14834528.802220766,39429674.69846828,30860.164404188
C03,-14846474.56276784,39426643.76108245,411090.77631820773
C03,-14857774.616855348,39423251.389807135,763047.4117040685
C03,-14868820.918798449,39420409.86688419,1062582.3789963955
C03,-14879518.9492087,39419507.74521122,1289172.428621011
C03,-14889107.670850324,39421997.20605791,1427325.691339125
C03,-14896210.722175455,39428921.30540149,1467634.83147842
C03,-14899115.873085054,39440517.347422354,1407404.2799828663
C03,-14896218.25352555,39456008.74729952,1250815.83102027
C03,-14886499.897552265,39473654.152325176,1008624.0107099651
C03,-14869928.495531272,39491048.07144813,697410.3326267716
C03,-14847642.321686864,39505611.554120645,338446.5079003533
C03,-14821869.171066852,39515145.417568736,-43751.12060998061
C04,-39594830.688179605,14328205.28984991,-1625907.4820581337
C04,-39601619.226072684,14309534.80632084,-1782624.8556596518
C04,-39613680.29444492,14294556.565408166,-1817314.9625659084
C04,-39629720.85579291,14286289.785030538,-1727650.3686296393
C04,-39647241.01653478,14286781.846317584,-1519833.4448493319
C04,-39663082.975790955,14296565.152235014,-1208153.9711710778
C04,-39674173.18638113,14314465.475893565,-813992.8777474993
C04,-39678268.21114033,14337814.125781214,-364348.15487475507
C04,-39674509.494274035,14363013.499836791,110014.56092751848
C04,-39663640.74354562,14386317.396938616,576659.6748214337
C04,-39647829.95315982,14404628.685061606,1003687.2509656327
C04,-39630140.77432696,14416116.647723824,1361899.876688925
C04,-39613791.393540904,14420497.938099302,1626787.4995772005
C04,-39601394.111795664,14418924.96011845,1780198.107631863
C04,-39594371.523551196,14413516.139816491,1811581.4670720072
C04,-39592702.90471228,14406669.461884374,1718721.2842053808
C04,-39595057.84956094,14400349.33205052,1507902.5030523704
C04,-39599273.77546932,14395546.02538449,1193498.6429428034
C04,-39603047.02118727,14392044.711992528,797002.9433425808
C04,-39604633.87630239,14388593.374219581,345566.7127359857
C04,-39603378.03390051,14383377.815201905,-129859.63052489828
C04,-39599903.81503972,14374706.9792283,-596653.0913415464
C04,-39595929.30988764,14361680.316432528,-1022767.8325881459
C04,-39593747.35928741,14344655.256948259,-1378949.0245308971
C05,21878320.478485763,36049263.6010647,1108226.64261558
C05,21884147.648942914,36038694.87830913,714988.8417980251
C05,21884563.715086605,36027131.05307898,272884.9316166943
C05,21877610.518937614,36015372.26350932,-187834.71599841636
C05,21862112.3252204,36005195.38881505,-635579.4092018143
C05,21838208.766306702,35998964.33366421,-1039587.608088866
C05,21807602.82409792,35999014.324938044,-1372057.3628818186
C05,21773429.280088548,36006972.08150752,-1610091.4937436187
C05,21739768.25213991,36023200.663696975,-1737288.8572163908
C05,21710900.556396194,36046527.513848715,-1744902.6301262144
C05,21690491.158760875,36074337.577875555,-1632437.8690347539
C05,21680889.50900279,36103022.167208135,-1407682.3321906743
C05,21682720.87517233,36128678.95682749,-1086140.316770519
C05,21694856.14082731,36147897.16152601,-689942.3711013187
C05,21714764.343853254,36158432.293599695,-246299.5489643368
C05,21739148.099461973,36159607.24478032,214379.96066813913
C05,21764694.025123004,36152344.28732168,660580.2332448385
C05,21788749.877838247,36138830.58346224,1061826.33367345
C05,21809756.41057573,36121910.72069082,1390746.3990052834
C05,21827340.231987454,36104371.955486156,1624916.0513345387
C05,21842062.482475244,36088310.46983653,1748366.3502263783
C05,21854914.38188703,36074739.72730072,1752657.5551007148
C05,21866719.719427846,36063538.65031269,1637449.6528955963
C05,21877625.425403804,36053733.3966406,1410537.082946397
C06,-7287697.562486511,23584105.16890117,34285240.63263368
C06,-11800723.85075884,23889294.01633781,32724568.850263257
C06,-15553426.524154106,26420081.441133462,28927322.251763493
C06,-17531271.458686136,30489169.56847931,23146241.992638532
C06,-17200154.573619604,34991532.25555031,15772466.783147458
C06,-14652791.231639843,38702091.565945014,7310101.029312722
C06,-10585636.961832317,40607889.99968625,-1658007.1979069787
C06,-6111127.221393427,40184355.28365212,-10511040.769288475
C06,-2455470.8612334654,37539520.56862218,-18634519.250101674
C06,-624404.2776538916,33385866.500616882,-25464600.685927343
C06,-1128705.3075948153,28846994.72764062,-30528724.744503096
C06,-3844909.440601048,25152162.599001575,-33479243.024276637
C06,-8049129.556851782,23302645.16273236,-34117397.082344614
C06,-12613956.195449587,23801191.6872089,-32405978.16893387
C06,-16313797.422527134,26517737.79289645,-28470089.19305154
C06,-18155115.52361698,30726595.64142753,-22586456.63135539
C06,-17642385.394394282,35303518.46681695,-15162591.2794866
C06,-14909102.382055154,39028291.31117866,-6707715.372939923
C06,-10680128.246971048,40911144.83631845,2202274.338837933
C06,-6076775.300422693,40456047.54037026,10963378.285499545
C06,-2317346.3354378715,37791570.02711873,18983197.92918549
C06,-392813.49466780387,33635404.099840134,25719478.898374557
C06,-803360.0618627835,29102419.05419808,30715375.18134209
C06,-3425345.558881129,25407078.484239265,33629504.49842279
C07,-16579648.021943867,38005603.25522092,-8238253.836919078
C07,-13484058.266826209,40094868.28315591,-85322.95334215685
C07,-9760083.02157381,40378825.922004245,8073472.428899842
C07,-6394682.452159175,38788639.24934742,15684996.657543868
C07,-4276647.357994912,35756012.85455318,22233753.01762207
C07,-3960009.8996003848,32097141.684952743,27275603.58553402
C07,-5516741.517715611,28794374.75532937,30466971.526563216
C07,-8517806.858430974,26733443.937999606,31587856.34822513
C07,-12147906.001324551,26465962.341429476,30557235.75738169
C07,-15423924.141725898,28060596.14580062,27439730.44586792
C07,-17459295.32247792,31083286.116781596,22442788.553383414
C07,-17703602.63908749,34712820.2503891,15904153.781530868
C07,-16092538.460204318,37961712.605890885,8270010.60677732
C07,-13066799.846494693,39943413.05004296,64938.849525762496
C07,-9453715.574307688,40113483.42382582,-8144423.429213254
C07,-6242976.816520453,38418673.40502733,-15789418.14699236
C07,-4317309.763228044,35312562.951815456,-22340024.193343733
C07,-4211782.558261732,31632996.085997574,-27342871.791729692
C07,-5967784.216522124,28374703.87158661,-30453533.02136238
C07,-9121585.669578029,26419440.482805364,-31460542.59476813
C07,-12830214.43850659,26297441.237427615,-30299401.73257174
C07,-16099719.291483218,28044953.194161892,-27055758.16480334
C07,-18053292.742343675,31195817.212543756,-21957896.088461317
C07,-18166599.161393933,34908343.97834059,-15359494.911271667
C08,323568.7238731533,36050498.66407798,-21642134.144683074
C08,2231525.9616695996,30643587.40436779,-28740675.051358324
C08,1167593.6813389063,24995723.737608574,-33857145.39795934
C08,-2586563.011414665,20634702.331627097,-36643429.15450605
C08,-8021682.787663387,18739959.332471848,-36913560.769989565
C08,-13674790.56675273,19825335.394757655,-34655090.8042711
C08,-18024152.26378452,23602457.1363207,-30028294.00290505
C08,-19898354.66548668,29060191.344369642,-23353723.75719773
C08,-18789883.70592866,34737449.04312771,-15089351.255817927
C08,-14990055.951582802,39115347.71723099,-5799081.242012565
C08,-9510247.283508264,41023691.60673509,3885189.2758058496
C08,-3811118.103622946,39953624.59128271,13305566.088623289
C08,587830.376600625,36193553.78061338,21821676.092616335
C08,2514551.572151974,30752269.847718358,28853134.863099206
C08,1458501.435507441,25089431.365529343,33918426.36681232
C08,-2291575.8403427657,20724710.58670389,36667767.04228425
C08,-7723743.96226422,18829571.84833861,36907748.535334185
C08,-13373637.871484425,19911090.84242404,34615904.339047596
C08,-17718262.909426015,23673523.36240848,29943866.078341566
C08,-19587286.352972254,29096234.822567567,23208457.089829575
C08,-18480448.875691675,34708329.64033197,14870927.70558224
C08,-14704214.91461836,38986519.40345159,5505481.815293713
C08,-9289486.774419853,40768412.790230796,-4240799.078381266
C08,-3712030.8698651535,39568433.59812267,-13693697.020668628
C09,2783091.1443876633,25802050.25771768,33863303.876234286
C09,-1494134.029006414,24628567.65401551,34700202.477807626
C09,-5772907.161652756,25804284.63661406,33227361.724906947
C09,-8883460.889215996,29003821.8485725,29525417.227131374
C09,-9971138.981625093,33355309.645975575,23824311.800115533
C09,-8730325.068094902,37668958.91476108,16493805.463901116
C09,-5494448.273519949,40755609.73469698,8023854.883478518
C09,-1153350.9399416356,41751580.9643585,-1005393.3795015492
C09,3084511.0770710073,40360583.41921977,-9963058.18537746
C09,6023148.273858868,36942742.69858949,-18213969.320585232
C09,6812231.278000589,32421668.631625406,-25168120.314440202
C09,5187509.065235604,28032365.948987246,-30328062.06870637
C09,1548422.1244722335,24979955.33521086,-33328930.70336115
C09,-3150201.0025811107,24106272.105967443,-33966595.80680256
C09,-7661054.217967335,25659154.186161652,-32211102.335941702
C09,-10786073.30320639,29228348.3956864,-28204729.211339206
C09,-11700318.392380312,33862877.619751506,-22246054.445055567
C09,-10169417.040614039,38333284.691014215,-14762933.523766369
C09,-6604599.395515915,41463720.17293473,-6278042.402562455
C09,-1945378.6742873744,42443212.40352771,2629367.7976446296
C09,2594291.861050537,41034840.7912646,11362388.599270776
C09,5846841.056453424,37631233.8164692,19343718.614391185
C09,6994930.604509292,33145671.213747658,26049726.833900403
C09,5781172.948109012,28769535.006712865,31040371.53684021
C10,-10700193.422680972,38526125.94939907,-13911307.526573306
C10,-7988811.397494886,41216362.63146679,-6134820.28421917
C10,-4290958.87652427,42238128.265545726,2054808.5235235416
C10,-568408.9963393556,41336561.43226859,10107295.774128174
C10,2219553.3808120936,38765222.92623165,17486174.498413995
C10,3367305.8781535234,35216034.75810679,23701540.55414546
C10,2606119.8034407366,31635192.143407594,28339532.478528
C10,172695.90404652432,28973182.925487164,31087542.97679327
C10,-3254566.7748366958,27933494.8536034,31754229.131214354
C10,-6735643.406922433,28785192.818612948,30283334.97061894
C10,-9319406.761762831,31289004.334199946,26760246.553910825
C10,-10299564.149250284,34758135.84040816,21410192.232355632
C10,-9407851.550759194,38240183.25860599,14587179.173678288
C10,-6891006.074151248,40773699.86781431,6753248.256819761
C10,-3447868.3982112086,41651108.50927447,-1551544.327801962
C10,-40885.202217231505,40615561.01711594,-9746899.581618378
C10,2367974.645451177,37935589.0119541,-17255074.564509816
C10,3084005.9191498123,34334589.73757839,-23544953.176808055
C10,1874077.2177592814,30793313.243323777,-28173084.362399533
C10,-966817.8130334774,28280266.522221856,-30817525.304762267
C10,-4695544.278517026,27485858.867271196,-31301175.662608452
C10,-8324141.8704048665,28634615.38822519,-29602677.228789918
C10,-10888684.617724678,31426648.056183822,-25854545.425916214
C10,-11708809.024028499,35122358.17730904,-20329655.030014824
C11,24015151.004330173,-11444584.634672377,8509329.884650687
C11,25268019.12923497,-11553721.145149367,-2582982.2440265156
C11,22774216.40262604,-9361257.048430786,-13071804.328870302
C11,18483087.575932268,-3745212.2521066973,-20504087.016873263
C11,14789140.735974712,4658254.298392237,-23133859.72496078
C11,13235820.86264605,13671754.842493968,-20341059.065403767
C11,13703113.92234199,20631371.85397252,-12782204.171857929
C11,14522259.663654996,23713647.15802126,-2232657.3711087015
C11,13450873.785752203,22818523.05206944,8839028.542867588
C11,8970867.077213306,19537934.887970686,17855364.015118953
C11,1203211.6497617476,16240171.074740091,22728397.145756505
C11,-8048963.87970567,14771798.151680058,22334506.493969437
C11,-16147866.328423321,15470393.476563398,16765434.726251012
C11,-20912068.944098298,17007216.92655971,7307030.626662765
C11,-21675015.552247595,17141470.537942253,-3849592.416329302
C11,-19553086.451586492,13988727.623466916,-14107145.72761258
C11,-16776224.559514364,7126771.934216397,-21065326.660311602
C11,-15434845.699108155,-2063834.7567502623,-23088856.602716736
C11,-16319973.179290833,-11022649.636646194,-19700312.10306684
C11,-18490883.90280734,-17269619.411261737,-11696407.231785426
C11,-19808185.773917705,-19624329.173155617,-956423.4597572428
C11,-18138868.466172148,-18727758.725505054,10007866.710467853
C11,-12573721.988390299,-16594718.5255554,18645541.344759658
C11,-3999179.6931046266,-15452414.636777153,22957444.164965007
C12,26154718.79656637,277104.35636464786,-9707577.234784435
C12,20762265.819216583,2693407.3244868955,-18419696.650682937
C12,13883994.769926567,7946493.520986777,-22829628.006622784
C12,8009835.791413739,15266952.1063101,-21903193.459550675
C12,4663284.972413744,22453052.366175894,-15855780.062564937
C12,3663396.740736618,26968094.92938799,-6102721.819930022
C12,3323785.6730641495,27239123.22168509,5075494.034557724
C12,1474228.6963740923,23458033.40627764,15071416.030176764
C12,-3254971.374206939,17457418.810503215,21560696.148396086
C12,-10582665.574328884,11734565.327915343,23039268.64436878
C12,-18617349.3665005,8150453.621268276,19166311.807780277
C12,-24767665.146256823,6995983.9943145495,10840299.85538682
C12,-27042286.942905057,6917565.861128333,-6483.999836075916
C12,-25052137.64209056,5738724.322619518,-10851028.75718041
C12,-20181017.58111906,1737872.5548620187,-19163641.631355193
C12,-14829802.031490093,-5306370.573789494,-22999822.18432026
C12,-11136840.367513336,-13873027.193736764,-21459584.187595718
C12,-9863184.465232784,-21400804.42469278,-14902179.059440458
C12,-10044475.032767268,-25563600.115824334,-4862284.543391799
C12,-9595069.26849852,-25435318.584817503,6313050.116514407
C12,-6531661.176671394,-21919135.905259475,16017893.268562485
C12,-149190.36916660424,-17216456.38868872,21996426.484620187
C12,8486806.892046895,-13628795.006522048,22863467.657317787
C12,16995151.59705944,-12337660.259580545,18419850.72514464
C13,4541338.330006257,38342749.35206603,-16424109.311835889
C13,6869281.577892419,33501799.11131237,-24284692.331122182
C13,6440767.382957747,28113383.18551181,-30455156.602529623
C13,3354584.1204285985,23638504.72606796,-34506317.216185324
C13,-1568328.0460582417,21291801.959065303,-36159072.802651435
C13,-7008056.329536427,21711427.988222025,-35303929.96104292
C13,-11504392.28996052,24787096.186362397,-32007448.069020655
C13,-13852046.994519671,29692376.91036018,-26505479.07707582
C13,-13424509.709830157,35110699.776717454,-19184288.582112953
C13,-10339636.501711722,39591867.06904705,-10551598.72716166
C13,-5424224.039220613,41941654.26595196,-1200198.5433473228
C13,10592.65820833575,41539892.24773776,8232983.073484274
C13,4521255.024343276,38503210.57216416,17109482.7722491
C13,6916557.911031621,33650898.92941204,24830954.373060133
C13,6573493.389742292,28284501.28601189,30877571.0450222
C13,3601409.706028414,23840266.055341005,34841215.95375125
C13,-1188237.494971896,21506314.14962609,36451813.002817735
C13,-6498537.382900846,21905392.419782385,35595419.15106061
C13,-10893486.064954497,24927202.066773638,32322957.171853594
C13,-13182963.097676681,29755634.48980482,26848765.97217793
C13,-12744054.06889854,35085287.80316133,19538546.733230095
C13,-9691954.339775559,39471201.454698004,10886836.013473785
C13,-4852638.830865917,41719066.56190369,1484862.683206949
C13,457667.5525191622,41210567.415668994,-8019503.1508617485
C14,15049019.165436288,-18255933.717898794,14761582.014209576
C14,14323084.541120635,-10722987.683008332,21410815.5559767
C14,15652852.457816465,-1524148.1873994148,23069008.537879348
C14,18998382.29630969,6678260.17700927,19358905.122594863
C14,22715219.5721201,11850504.33252452,11149880.242657457
C14,24430283.787993472,13554866.648642974,351437.6608660889
C14,22330679.527315304,13064844.71000522,-10528431.066724535
C14,16178299.053027196,12574815.153232018,-18960448.669264082
C14,7507792.548421772,13929292.40470708,-22978303.75334598
C14,-1103845.932472636,17552993.681901257,-21637850.15802
C14,-7314288.777908585,22160196.765472174,-15243668.340521714
C14,-10161589.813404622,25408471.62494739,-5285030.335741394
C14,-10464779.02816252,25152088.031426337,5910066.083606224
C14,-10264513.780892935,20619117.747115728,15723748.662596587
C14,-11611443.317248335,12872118.29332381,21866525.561053574
C14,-15365462.02854808,4302186.113837143,22913038.25803126
C14,-20658100.486462444,-2568530.836472703,18628486.621645495
C14,-25305050.653364997,-6333065.899790748,10015259.635194946
C14,-26944548.3007058,-7335160.69247421,-923786.9762613983
C14,-24293931.669583492,-7365390.140056484,-11648030.601048874
C14,-17856406.430487357,-8587253.928210536,-19663805.55421997
C14,-9700132.640936166,-12269618.54563617,-23100896.3936476
C14,-2421934.750911345,-18006834.089726068,-21150095.726671122
C14,2157011.8669957705,-23852394.982904445,-14258706.253803018
C16,-11063610.133952182,22039629.61680864,34504586.596965045
C16,-15590371.02615165,22817663.906610314,32076665.751045324
C16,-19124469.364176743,25781799.117133472,27477848.353687078
C16,-20701297.809018165,30131112.013625205,21008477.89757552
C16,-19885044.078795537,34684832.078582466,13099945.020435048
C16,-16891113.26072155,38198730.58968399,4288440.14673949
C16,-12533111.714661554,39702883.21234907,-4820092.978330609
C16,-8005536.733596377,38768893.705928884,-13591927.150077723
C16,-4559138.746714462,35631629.60202402,-21411502.784620814
C16,-3157433.0024691336,31129388.411333174,-27727542.24457642
C16,-4209982.509483485,26476964.88890039,-32095065.969949722
C16,-7457661.233565426,22933746.52725313,-34209218.082667425
C16,-12042450.965703478,21459268.73566304,-33927639.846880086
C16,-16741962.480846697,22452211.911011446,-31279456.445214644
C16,-20302560.197106946,25644570.069320742,-26460519.136417814
C16,-21778328.730278555,30178335.62840338,-19816039.535864946
C16,-20783321.409928672,34841058.34439647,-11812912.631248236
C16,-17590381.5439668,38393851.09389307,-3004706.8991188877
C16,-13052874.183928898,39902280.32637213,6007518.299864168
C16,-8373326.884453579,38982241.034665674,14615609.016838431
C16,-4782487.293116668,35897508.21558513,22243419.161630016
C16,-3214062.2449363675,31485620.980219975,28382631.197617885
C16,-4059868.5593947675,26933380.96160408,32623786.56773059
C16,-7068384.652499609,23461432.205914777,34681366.55401151
C19,-11089637.175552072,24769746.074026544,-6544263.102344965
C19,-10757802.657693949,20005347.031092506,-16205621.097131778
C19,-12002967.75493882,12077593.735387746,-22088363.518916737
C19,-15659355.390836596,3405673.6865261607,-22814830.834557597
C19,-20819028.66529848,-3478999.3506444395,-18210728.651558224
C19,-25264332.30701189,-7187537.980680927,-9350042.595830819
C19,-26633078.631369673,-8105053.566502461,1695843.709215231
C19,-23688966.12237503,-8062293.322251037,12346378.149160726
C19,-17010153.72672328,-9231854.378428785,20119075.657643303
C19,-8725439.800468188,-12852879.803330703,23208627.044989802
C19,-1442991.7709391844,-18475411.23348973,20902059.374075133
C19,3054038.038046685,-24129533.009831145,13738474.333714798
C19,4653844.993445958,-27328174.334909562,3382201.6555924974
C19,4860673.16448875,-26370712.631114367,-7760296.9019023245
C19,5872331.441607278,-21254362.194568016,-17095174.569205172
C19,9286193.919354286,-13704760.174509129,-22443478.989658426
C19,15131567.307972636,-6303694.289227951,-22551998.92106938
C19,21756420.57052952,-1176225.9153755177,-17390987.91831468
C19,26638796.775073163,1060216.137571401,-8164973.376947355
C19,27691770.131132767,1520720.599349909,2969201.6022030073
C19,24359495.239218686,2334529.73268879,13410855.44443796
C19,17913300.51617579,5378789.410723468,20727022.549961407
C19,10791349.6257347,11155107.97630218,23219239.380966626
C19,5340927.998075395,18416720.748326052,20313381.302490205
C20,-16510347.78904566,10832527.528939748,-19720635.663058646
C20,-15455541.3993799,1923846.4828386374,-23144275.477062777
C20,-16632026.11234409,-7279604.995371843,-21169372.299618203
C20,-19302698.341284446,-14205736.676134959,-14252189.166812172
C20,-21400217.007784195,-17422716.58691795,-4005763.1330174343
C20,-20670448.99247092,-17294736.088471387,7176585.800142206
C20,-15942626.996548718,-15680340.521177594,16683858.453948125
C20,-7836821.769504754,-14841281.65910398,22300585.96754048
C20,1475362.942522306,-16156872.645985242,22722997.68493226
C20,9328521.057539387,-19339312.849347185,17857990.00926431
C20,13874538.152373247,-22569740.552446034,8840075.560611013
C20,14952295.741214037,-23479334.217926484,-2233358.400883419
C20,14059399.98728739,-20449915.723015726,-12787021.388592781
C20,13446616.50109715,-13538264.34633442,-20363487.39692694
C20,14822484.270873265,-4526486.211742807,-23194290.1926057
C20,18365376.654598225,3934995.970289151,-20614295.696020193
C20,22578454.33140987,9639879.186025865,-13221226.081759797
C20,25071765.15027986,11895044.089284288,-2739647.621474612
C20,23854223.084059466,11774795.415604364,8382088.468855771
C20,18438070.003415618,11427093.835328225,17547525.69868972
C20,10157221.706763655,12812404.371628987,22621540.518667098
C20,1527208.8017229252,16561946.617037758,22427137.11519392
C20,-5008642.756316655,21572639.469426833,17014616.352922793
C20,-8277531.558169458,25555098.76017739,7645457.406625529
C21,12386714.918006958,11400245.450818889,22279648.08632416
C21,11177807.118194707,19436591.087438215,16651726.999746304
C21,11562876.352641527,24394369.144047976,7151900.760813974
C21,11511282.26376185,25119357.072065044,-4011119.160986183
C21,8934909.416372199,22280250.427108936,-14240286.703849971
C21,2913888.3824491715,17958940.71812692,-21151854.876230948
C21,-5692142.018444627,14506971.45377293,-23130934.54299495
C21,-14583209.045206659,13280744.872627072,-19711229.76230944
C21,-21136033.08911344,13935644.764441554,-11687969.376692519
C21,-23706064.825338494,14660433.960711543,-934334.8702722284
C21,-22417941.625303686,13225402.615193956,10037806.212085819
C21,-19021487.643886928,8274996.465605111,18668542.11893649
C21,-15895906.308398597,162163.9302285472,22949321.510255616
C21,-14744067.891706415,-9128167.683383647,21888448.068230517
C21,-15680083.50113408,-16926404.637369327,15736693.579613455
C21,-17195717.352161523,-21192039.00004445,5925811.899448508
C21,-17019261.067116976,-21498211.827420536,-5263155.068710837
C21,-13405452.270410035,-19167704.043222208,-15226763.427881047
C21,-6164274.611272494,-16490890.12835577,-21642606.510295574
C21,3127581.9793858305,-15445287.391619911,-23011007.604337625
C21,11854378.849669632,-16604964.501454467,-19008161.681565978
C21,17646259.708555847,-18828948.604696415,-10565758.040481927
C21,19537231.45620028,-19899662.73949505,344857.2157909739
C21,18376807.678463317,-17767867.47062599,11175294.465970878
C22,1005419.7549240831,25521052.694547765,11279541.3912643
C22,374284.6422535128,27916291.57539124,477071.6033709668
C22,-219685.05126788002,25896283.73922843,-10436448.734299883
C22,-2814495.931198015,20331260.366436858,-18921111.734113615
C22,-8269178.688087883,13471425.66086117,-23000453.9846052
C22,-15688970.197533563,7778015.997288787,-21721190.602113735
C22,-22800913.920630906,4664113.503856054,-15377356.06976405
C22,-27086335.00334425,3817230.094615946,-5445441.825720051
C22,-27068783.347748164,3465452.4952664734,5757683.490348359
C22,-23067361.49885658,1441846.5330227409,15616710.818435946
C22,-17009553.037513033,-3531171.3920553317,21831630.981571164
C22,-11405181.652391717,-11036456.472820139,22955923.753056873
C22,-8035519.396607051,-19074483.276697975,18731740.97586227
C22,-7060783.997389261,-25035712.73213255,10146211.91336911
C22,-7019306.465909768,-27014356.79206026,-800696.4510754053
C22,-5711915.954864799,-24764310.076825984,-11561320.97257269
C22,-1492264.2529904842,-19789805.21603958,-19631216.3120577
C22,5732565.15978755,-14524537.306582037,-23130186.47707966
C22,14332433.484863479,-11038792.13534426,-21239882.35844182
C22,21713610.853443753,-9965867.465076314,-14396800.78333974
C22,25608441.731741205,-10222440.729821896,-4194218.773456909
C22,25209160.365327317,-9672783.276277611,6987502.873718868
C22,21538597.892207332,-6377717.028023089,16538069.166309418
C22,16859200.121757608,249688.85523153283,22229794.650647644
C23,-9779728.36270634,-22724361.663452666,-12921719.134425776
C23,-3958339.635140462,-18948687.31551342,-20106618.867104955
C23,4408209.166452656,-15760239.409941994,-22607867.074388742
C23,13218463.641782768,-14504679.774492564,-19842468.25809187
C23,19990932.286449403,-14966589.167211179,-12453606.023504488
C23,23082214.295746725,-15529382.73317559,-2162092.1190892467
C23,22469352.859962795,-14111603.633792836,8633427.660874752
C23,19680437.77037315,-9374332.446508272,17415842.841007017
C23,16913626.52706609,-1546292.0158885843,22137544.699231535
C23,15821114.763242576,7582411.356554744,21698286.776874572
C23,16613687.706066873,15499934.26380581,16201177.865573253
C23,17966921.56708283,20200558.89507257,6928041.435382782
C23,17777875.06760782,21147968.016121186,-3959654.0302463863
C23,14363437.592696594,19462777.78617534,-13924832.250758583
C23,7453324.962669196,17238749.529635593,-20646115.591391392
C23,-1559455.0936338997,16359188.23584275,-22558030.987473253
C23,-10249430.814737517,17451768.31696504,-19214758.10175313
C23,-16338083.754348692,19543699.384944983,-11394095.179865332
C23,-18796334.58499345,20602684.029860888,-917619.7123298588
C23,-18284841.094137974,18673487.411288965,9772739.806847053
C23,-16700087.291611135,12998029.21855219,18184356.1370955
C23,-16074125.988809796,4513087.9793428425,22356157.176421564
C23,-17423608.03048407,-4546570.00800324,21316160.52842587
C23,-20169756.435443792,-11731130.035064278,15307489.90021893
C24,20923805.162095994,1912754.156278059,-18376830.15796785
C24,25338081.408974316,5946200.931789428,-10059939.094104279
C24,26897635.065435283,7360447.774284147,602034.9016514271
C24,24358973.075197533,7781074.022413506,11123096.087249465
C24,18158289.891772974,9220507.54291606,19046034.920458317
C24,10225228.000767903,12882252.037020901,22519926.404192243
C24,3015585.5359452656,18412984.989450693,20735230.49942127
C24,-1718276.0344400033,24011791.14024604,14112155.417367479
C24,-3760792.272376247,27340515.294852436,4199104.1073150365
C24,-4429031.881970182,26746150.617475964,-6692199.887429794
C24,-5742525.582283014,22139556.28684599,-16026843.940820744
C24,-9220977.875801884,15061550.226430522,-21634878.518400904
C24,-14959335.253525864,7903167.8830115255,-22212188.898245074
C24,-21478314.716552787,2695974.784905536,-17621630.564184107
C24,-26434940.282164235,114171.64090641774,-8927220.30040639
C24,-27819833.867285978,-782575.4224859957,1848448.396565055
C24,-25004592.012698635,-1929763.0418124096,12192268.365942057
C24,-19076209.920788325,-5096633.916129995,19688181.63154388
C24,-12275080.199090108,-10813274.772860933,22585179.83201517
C24,-6837245.822191175,-17972275.973306786,20208726.38821912
C24,-3863779.753354974,-24325918.856230088,13117196.220498106
C24,-2822817.895638015,-27614513.62532632,2967938.1690400196
C24,-1945076.5710751433,-26721312.081289183,-7872813.675879686
C24,708387.143346075,-22236986.136574566,-16882351.400684875
C25,7369379.545322796,-15124382.58790017,-22283323.171002388
C25,14801410.255217789,-9734216.117320359,-21574069.111684877
C25,22000836.478208743,-6620451.679604677,-15842184.44586499
C25,26579070.11313911,-5544407.50497198,-6418959.238729808
C25,27089533.033601627,-4890595.186853132,4501104.031317836
C25,23755469.358609237,-2643417.174259918,14370363.508330483
C25,18326578.658093207,2409888.102363307,20884499.123682268
C25,13140501.558586027,9904336.358569114,22523407.36564112
C25,9894913.524781566,17974996.81327464,18906936.182620745
C25,8790871.527897788,24150978.25228732,10881772.99272071
C25,8504542.371537305,26588774.827758085,320970.8340399633
C25,6996062.798842473,24986579.3541927,-10314858.754443781
C25,2714377.853802506,20693822.62591999,-18550731.98175506
C25,-4453532.439919123,15962019.386204815,-22471110.512183454
C25,-13001492.796440493,12740771.179310145,-21162814.95301628
C25,-20492813.671668734,11662508.73448626,-14927172.951148976
C25,-24757597.993262906,11757123.627603184,-5213025.903892989
C25,-24964760.62237238,11048498.967745412,5716814.480573497
C25,-21997125.385948475,7712203.0618996015,15312056.44748901
C25,-17928174.460953593,1168104.508627952,21332334.96591668
C25,-14882857.790520607,-7487329.773094144,22373060.752425134
C25,-13898079.161498364,-15948744.752689173,18193844.214540996
C25,-14396818.337826008,-21822997.045185585,9772542.66712566
C25,-14555750.565902805,-23805556.460779585,-925781.6969713011
C26,22044242.326295782,16571241.950600816,-4172865.0715099424
C26,21171167.605480295,16846037.487087764,6741989.803727441
C26,16456522.01072043,15742489.884018278,16081349.991313318
C26,8524309.108127946,15345222.197210254,21662328.5938759
C26,-555138.0515007162,16896524.07372381,22182523.83120265
C26,-8269099.926514932,20076237.096469507,17524788.87087051
C26,-12893936.479460495,23150210.480941057,8780893.40739743
C26,-14296686.135492532,23905496.922358982,-2008150.4102895926
C26,-13884972.208487656,20866357.211153638,-12330507.908062091
C26,-13742100.738703119,14137209.167400803,-19786961.359132767
C26,-15417930.249995172,5421495.046764573,-22644620.654885195
C26,-19025453.172197066,-2794617.9172188845,-20236320.238067582
C26,-23127873.008830193,-8462933.350797404,-13116929.166123582
C26,-25480989.480714332,-10953571.410982074,-2939812.2377113635
C26,-24238972.744576667,-11274920.996560592,7923149.43419548
C26,-18977586.90776453,-11416152.797484012,16934574.16830109
C26,-10979606.817185648,-13168183.212802967,21988303.23222658
C26,-2622717.2235707035,-17064758.75213247,21905504.10651564
C26,3803337.675911879,-22021435.171260923,16710029.274720449
C26,7215790.582579377,-25869864.128241338,7618853.214419125
C26,8198082.896087634,-26499054.98705274,-3246672.7830108614
C26,8562289.658470869,-22989453.669251822,-13357493.34119276
C26,10259317.520217558,-16132724.633848641,-20363790.662540548
C26,14227031.396247873,-8061013.006894732,-22637046.727793537
C27,-21093678.36506667,-6720407.700863546,16962602.155805305
C27,-13637867.793197442,-10144903.437680885,22109994.42850878
C27,-6296681.873460641,-15813382.114149645,22095509.040989947
C27,-1106611.826406816,-22150343.349382102,16924018.40673119
C27,1331025.0013817586,-26759604.946153533,7804631.282997511
C27,2061234.9940147293,-27661521.938560452,-3134189.524705426
C27,3093740.7507333765,-24330338.971434064,-13343434.497802092
C27,6203121.848330782,-17976390.842251804,-20447667.871775273
C27,11861161.886432568,-10924466.431914393,-22795376.598676104
C27,18877344.99192009,-5422332.858808793,-19839947.08519834
C27,24943433.3647193,-2513873.6409559892,-12266432.69855185
C27,27796513.30258151,-1574466.0466506635,-1835411.9226472506
C27,26383630.244121157,-753938.7134365533,9023211.290860161
C27,21405214.97802919,1912493.758189883,17775799.519933682
C27,14943264.98815779,7326516.39174382,22378392.081120368
C27,9372125.033231677,14723140.33149523,21756569.500468433
C27,6137175.687921064,21973565.092214968,16057115.321789956
C27,5056843.175773856,26636798.539393295,6612255.031177662
C27,4518746.326214638,27197875.133084033,-4373982.188501974
C27,2457415.2585696056,23830190.988757186,-14341984.179907098
C27,-2419128.340843226,18276482.019157827,-20972769.055318013
C27,-9817491.029137377,12916432.222792141,-22724926.34194488
C27,-17900114.91894735,9521812.315315695,-19190116.669863798
C27,-24161967.518962063,8362696.829718676,-11188110.288726505
C28,-5775509.034911992,-15096383.536080271,22752631.909389984
C28,2669800.730693303,-18496840.334071778,20729997.72615742
C28,8638376.921388203,-22622226.091667406,13878565.448975448
C28,11328814.891013779,-25223365.73322384,3794022.9719971376
C28,11630284.027617414,-24333562.081721228,-7174432.2799114
C28,11528331.960531238,-19353024.11219885,-16470860.826646522
C28,12931171.06810233,-11425371.495525587,-21928359.17891649
C28,16551742.697701678,-2901010.065089345,-22274340.28422578
C28,21450619.869398374,3828363.8574958444,-17427432.00133774
C28,25489253.73188698,7503533.283258906,-8517099.587355582
C28,26453455.108599614,8555376.617462873,2379170.9472860387
C28,23245058.02002735,8752324.533008805,12720819.978873799
C28,16500685.56055126,10132870.294587765,20097683.07023317
C28,8303807.342677294,13803123.256706689,22791883.532337654
C28,1143454.9001339655,19250618.901185878,20176781.21327804
C28,-3324685.394659779,24546228.810214013,12861734.742526703
C28,-5055998.658384928,27328979.244026147,2550405.186088017
C28,-5522573.572422562,26048678.34932436,-8355078.5545210615
C28,-6802637.775106858,20801104.088709973,-17313343.576764263
C28,-10347811.155028291,13306689.377034966,-22236239.61580722
C28,-16095814.045727704,6042330.231906278,-21975764.16048744
C28,-22410587.54963587,989757.5014152322,-16591933.57413148
C28,-26887113.062534392,-1331703.2711003637,-7339458.499434551
C28,-27593194.642270215,-2033542.1082447115,3624352.7918066587
C29,-17085941.89849813,16368813.665303083,-14795822.769203776
C29,-21081243.582774043,17593133.435307566,-4970697.4727678485
C29,-21325420.07716069,16958637.54120555,6013113.298108567
C29,-19188759.681166325,12924776.785213863,15594659.008348903
C29,-16863107.365514793,5488439.789097246,21539600.642871525
C29,-16131770.0829734,-3704979.22905234,22462093.855960697
C29,-17384822.80841905,-12126927.477345506,18147766.870390043
C29,-19410150.671453442,-17601826.542449553,9603092.810222067
C29,-20071911.82675256,-19356496.82754239,-1179749.639117303
C29,-17510274.910350077,-18325689.734279267,-11687777.061086426
C29,-11215221.677063208,-16555391.65989283,-19473183.59752538
C29,-2394445.6912760604,-16029503.138010884,-22723032.643473458
C29,6565587.561722466,-17553535.08027418,-20680235.98314299
C29,13261226.874210682,-20296033.634091925,-13819505.300360883
C29,16439916.45399927,-22234759.813468035,-3738122.686764911
C29,16555245.476497494,-21269406.68519159,7214612.089524653
C29,15415473.902120221,-16403022.745527951,16484889.722923566
C29,15118308.226740727,-8354191.072484316,21910991.946900956
C29,16849120.8053624,733462.3654976301,22228131.019987937
C29,20192673.043749515,8332681.220180777,17363090.23222713
C29,23330484.66941926,12770666.57890103,8450686.035891684
C29,24018715.886427067,14005366.38345981,-2431264.4326441735
C29,20821066.445923444,13529676.267695457,-12746795.50317306
C29,13933017.517557206,13461221.539927555,-20093052.627732057
C30,-26977272.117786855,6665192.651978951,2400182.1249445444
C30,-24354543.659006074,4773458.892935938,12725458.127217881
C30,-19359132.48167178,19509.87911943905,20079906.508077882
C30,-14338739.084685395,-7429427.913127489,22748190.02066327
C30,-11130282.400304763,-15823102.8574716,20110727.566885382
C30,-10117305.621537974,-22656111.49330911,12785922.15906869
C30,-10093613.860275337,-25912397.960911054,2482980.876548901
C30,-9000287.632726822,-25062921.23890527,-8398108.162110215
C30,-5134355.919949132,-21286748.56391312,-17325163.161748804
C30,1823885.6230215738,-16801879.03787854,-22221082.398231007
C30,10519361.292866278,-13666876.229090039,-21944908.29667356
C30,18527819.789611306,-12694660.890037274,-16557408.86710514
C30,23542009.9421018,-13058717.117292617,-7310124.462441925
C30,24510488.476914838,-12802625.490587378,3642477.930802746
C30,22121759.56980431,-9979181.070290389,13744608.169719828
C30,18374291.964766406,-3802901.9104306316,20638063.57837244
C30,15465579.19261907,4811270.948033957,22715383.625307627
C30,14601522.822108855,13619345.791717432,19495028.59198534
C30,15367907.13794332,20134335.565740373,11731199.216546787
C30,15999089.810817884,22847998.747207258,1235083.3672010938
C30,14394787.785344906,21938583.37858195,-9548676.276311403
C30,9334794.594286893,19091725.816028617,-18110700.785252277
C30,1236832.9298968362,16536190.32042466,-22458703.820908528
C30,-7951869.81570913,15814167.282445578,-21578961.049610153
C32,-12442417.350332808,-11360428.851863118,-22223471.59452071
C32,-11284291.530730676,-19403108.519860424,-16549678.78045581
C32,-11685251.910221808,-24335085.024386685,-7011307.575402774
C32,-11602007.36279962,-25026690.684403293,4164122.790541092
C32,-8960694.26694278,-22181511.844961863,14368505.375865133
C32,-2878101.333441604,-17902217.72318725,21224531.86899514
C32,5750335.060398893,-14530932.16953303,23139156.507311657
C32,14614178.297204461,-13391096.375176748,19670429.83241369
C32,21110430.98270696,-14104347.933994044,11626587.687695365
C32,23629371.319976803,-14843801.885978054,878050.180635271
C32,22323169.033349797,-13385020.069206068,-10074584.244277822
C32,18950480.92131184,-8390357.027724825,-18679698.46172819
C32,15881237.55146285,-234801.62186365714,-22928838.376976945
C32,14795821.48485453,9076849.097903203,-21827355.807575528
C32,15779033.464685526,16865707.032093324,-15629771.590778127
C32,17298322.08533783,21101383.37999929,-5782429.016869963
C32,17078628.127473697,21385327.72816448,5415028.080528009
C32,13399866.906201907,19069673.877715867,15349754.02880613
C32,6113117.346474048,16452985.122763483,21707851.240721676
C32,-3175056.7131453804,15492182.538893295,23012509.060586374
C32,-11850524.912192099,16726425.971277455,18963564.18908092
C32,-17573524.106722295,18988821.08096949,10503912.231290031
C32,-19415172.568514623,20057433.647344716,-399358.3975633797
C32,-18248227.246753007,17896164.996341377,-11209332.283767428
C33,10993777.896067102,-24753831.293124095,6675633.781033502
C33,10711723.903640023,-19947480.42697778,16303740.224696415
C33,12026230.730285093,-12017847.468449414,22130233.763944052
C33,15741503.760937758,-3393002.833701741,22800216.900904942
C33,20926619.072547782,3417617.6774362344,18160940.09766665
C33,25362936.0217123,7061764.345481163,9294336.694836989
C33,26705761.784964934,7952350.772490798,-1735498.9610802757
C33,23739502.716717094,7926766.636770002,-12361224.651256282
C33,17054744.61885161,9145737.873854157,-20108084.791911535
C33,8782804.556357846,12826356.822751254,-23169524.55259873
C33,1526320.0841076132,18493583.599167727,-20829029.238597512
C33,-2945289.4889684534,24157748.459951427,-13629525.226608241
C33,-4539904.977564321,27328969.078960717,-3249221.6689747525
C33,-4776614.651757839,26327580.175818667,7889533.358778755
C33,-5849246.648576155,21186249.331002235,17187729.641229793
C33,-9329934.766405985,13657028.858827487,22478486.255638253
C33,-15217244.770627737,6319547.489884287,22531990.53278766
C33,-21844729.37913673,1269805.0820361823,17339000.76800557
C33,-26700808.31539864,-910056.4706882574,8110128.256372092
C33,-27722864.45568424,-1355627.464506019,-3006342.6252904874
C33,-24375648.686885178,-2195415.3737926967,-13422830.19240434
C33,-17938188.86058449,-5290825.99517047,-20713075.74187954
C33,-10844686.104743248,-11121037.855153281,-23176646.709464032
C33,-5430194.728516117,-18416588.329882063,-20236266.266383104
C34,26825054.000274163,-7686870.636592638,-923324.2659621711
C34,24744265.543150187,-6030920.665505256,-11449358.565607453
C34,20109321.033507396,-1545502.9643061738,-19311743.769172177
C34,15226337.985602396,5760052.010020719,-22681496.983521312
C34,12003558.148740243,14264345.740713596,-20772695.326347895
C34,10964092.753252879,21486085.76222488,-14025925.488182528
C34,11024303.33066167,25309040.219180077,-4009529.5989692933
C34,10156082.204142682,25030455.46158439,6942115.198353397
C34,6576607.227725413,21672790.06009927,16272811.87078658
C34,-178924.81362839043,17391021.37688041,21804027.780561395
C34,-8886532.841109566,14295778.487019332,22246076.41117537
C34,-17170728.9679414,13328310.702529652,17498917.907602567
C34,-22665302.440445222,13792668.308239382,8672847.517390825
C34,-24178298.570027642,13792786.887188416,-2173422.382828976
C34,-22241514.12569339,11333947.410384286,-12514047.379532222
C34,-18756196.51292467,5492272.899693055,-19943368.915283997
C34,-15930167.753456924,-2978417.046473631,-22733008.65490607
C34,-15077877.597722,-11930867.349624312,-20231745.68704724
C34,-15925281.082229394,-18853514.775582977,-13018039.863724373
C34,-16791591.824646566,-22101855.99758652,-2769368.4109306973
C34,-15551754.486032333,-21678711.347393513,8125226.036749802
C34,-10862204.77855387,-19146823.68034796,17122609.00900069
C34,-2985600.3404223295,-16721890.811426667,22122187.401100457
C34,6236438.144985697,-16037512.168434512,21958643.408756044
C35,5371377.69006614,15293052.188494926,-22733348.284595456
C35,-2862278.6166909467,18941173.78644844,-20295785.397517264
C35,-8511503.276844565,23094710.27931415,-13129793.871514037
C35,-10950598.833693847,25481855.353980843,-2900985.9429673604
C35,-11210494.994905394,24240564.965678364,8004986.27252755
C35,-11308516.700158833,18950726.236030128,17040182.92600078
C35,-13053877.115643177,10916417.572410356,22094015.41543109
C35,-16979689.886829853,2541307.1290776394,21989355.543363377
C35,-21983406.2601619,-3868235.4983067047,16755959.800825635
C35,-25871045.295734867,-7230577.354172013,7618858.052527612
C35,-26511457.056662355,-8147545.1147372555,-3291542.1305121225
C35,-22980586.436224744,-8458104.09368299,-13436796.692780707
C35,-16083937.347740423,-10135318.213556759,-20458631.445176475
C35,-7979069.8211064255,-14122788.052885119,-22723323.792483486
C35,-1098251.5413643625,-19736139.65361931,-19699764.192519277
C35,3058473.653795584,-24954079.49992688,-12085973.70278715
C35,4619887.252142133,-27450547.7404351,-1652505.5268906406
C35,5158735.550233604,-25820648.08512221,9166578.838064415
C35,6725750.142574868,-20341590.741411913,17843422.81781274
C35,10627424.311421672,-12854757.341169521,22351461.510030758
C35,16614414.481347378,-5829802.430531122,21641449.191602793
C35,22924116.176127985,-1114761.311138969,15884488.267135208
C35,27156455.97074701,957646.9545965781,6427297.772000187
C35,27512695.62571575,1634595.8180727677,-4525749.439306698
C36,-7497181.560891921,15120232.839211334,22235508.94966176
C36,-14817573.654508077,9568999.11486326,21640293.57995531
C36,-21992743.849613518,6286075.06656641,16008324.543943727
C36,-26627331.453121044,5107937.497445217,6650349.584509753
C36,-27221417.872897983,4466096.095329388,-4255896.652910602
C36,-23925872.05462148,2338258.244337218,-14170465.482170343
C36,-18439057.28040164,-2547688.632852665,-20781911.10578291
C36,-13099610.750065409,-9908285.350093573,-22546814.323348112
C36,-9661105.803981578,-17937300.45590739,-19051502.07212792
C36,-8405536.670208689,-24166760.519368716,-11110394.74475725
C36,-8070340.332197511,-26700020.853773,-576596.8338727814
C36,-6625008.470492191,-25158118.71499499,10091932.631107064
C36,-2474004.886531133,-20833138.310253024,18408133.193719797
C36,4567602.1627369765,-15969447.999964848,22436372.632152032
C36,13055059.627839647,-12562545.839553908,21241231.24404046
C36,20572307.255368542,-11320621.988157146,15102282.915440956
C36,24919494.795186535,-11342109.807610929,5448123.601638399
C36,25199997.406524953,-10677765.756759174,-5474452.320591211
C36,22229925.394458584,-7473043.618566616,-15121398.577820232
C36,18052851.386692416,-1074746.1072437493,-21243342.79301905
C36,14820670.635279663,7497562.637724869,-22410849.050300397
C36,13642009.912031077,15975922.956972323,-18349641.63016101
C36,14017399.096204462,21943856.887288664,-10006358.158712447
C36,14164521.30747578,24027187.05546209,671949.1604405679
C37,-21496296.972162884,-17450534.970098976,3600908.293661099
C37,-20450818.006172024,-17558439.673829686,-7280488.845369228
C37,-15609396.341698121,-16263044.940602986,-16467294.295125484
C37,-7601502.103525128,-15654263.879636206,-21820034.03912939
C37,1507281.0826981496,-16980237.726465676,-22089675.028201867
C37,9209792.84728587,-19930205.168910466,-17209783.943366516
C37,13782738.096397756,-22779145.291623067,-8315144.291900858
C37,15091843.431208503,-23320295.95868011,2520227.424864897
C37,14548140.724341052,-20085661.096255098,12767333.014385238
C37,14242724.0887411,-13195051.031285167,20035211.135418765
C37,15731572.616105927,-4372420.2654284015,22630810.744436827
C37,19130191.700904325,3881930.68742185,19952652.881335888
C37,23007283.340791915,9520940.620734286,12627795.473969974
C37,25134202.976038553,11927706.658739692,2363352.126221739
C37,23687772.242939226,12123895.348925946,-8451154.017227901
C37,18261768.63023411,12105448.937442735,-17298531.821428034
C37,10144254.958183222,13667091.960149404,-22118070.771054085
C37,1709314.542617077,17349772.772330757,-21784651.089811817
C37,-4755991.9186421,22079463.442816637,-16372334.84756958
C37,-8166787.056992777,25696289.471088067,-7140332.3400672125
C37,-9104255.793677561,26094964.307095293,3758278.03820718
C37,-9382522.783505952,22365265.477412663,13779663.454381144
C37,-10956228.578067673,15316780.945600856,20585813.897769462
C37,-14763687.710178742,7102916.449831637,22591722.729016103
C38,-6483457.5857968405,30940187.472093083,-27760946.854690097
C38,-6305032.528458275,25790308.934415165,-32643407.72254509
C38,-8732346.281710453,21233654.864414945,-35275430.50779923
C38,-13115795.8908532,18499332.056626223,-35477604.704762936
C38,-18277362.36044254,18324675.407917786,-33238891.42698436
C38,-22829133.757938597,20756869.744026087,-28716606.268504966
C38,-25547766.559071038,25141401.91876182,-22224581.84706669
C38,-25703547.733680595,30299674.8022077,-14210610.608667577
C38,-23255639.798954666,34847062.60894645,-5224991.603905613
C38,-18861687.079596717,37565275.520555,4117465.744673923
C38,-13700061.040219065,37728953.35790827,13179308.82416019
C38,-9153082.988404281,35299288.71511259,21343383.860694446
C38,-6436334.283049447,30933405.38465542,28054106.38888868
C38,-6273134.297058692,25807453.486358248,32854498.70319639
C38,-8700980.625354214,21300895.834632713,35416728.73758141
C38,-13061588.385417387,18626292.361729704,35564265.21627251
C38,-18177373.856937442,18503451.341729082,33284218.245632302
C38,-22667571.13449297,20965247.110257253,28728960.499701437
C38,-25319675.604088187,25347611.908910424,22206726.269506924
C38,-25416616.4294617,30467157.50989899,14161552.58841214
C38,-22931298.962194532,34939454.05282062,5143648.606537871
C38,-18535321.024305828,37552687.83303892,-4227998.556560052
C38,-13418620.244089331,37595796.69705189,-13308307.937197689
C38,-8968172.355459202,35051864.34297078,-21471083.219162308
C39,-16415634.53570758,20549693.073975693,32959184.599032022
C39,-20703043.81357253,22438831.07946971,29028102.21740859
C39,-23463317.322128043,26217878.76145117,23102958.97906817
C39,-23951758.266931657,30860411.426248927,15586666.15354072
C39,-22039519.170987736,35104189.64145376,6994505.974814185
C39,-18249922.203930024,37793083.93935453,-2081245.2957903538
C39,-13617398.417345941,38191476.15353573,-11012886.577341644
C39,-9406749.189894652,36184998.748797506,-19181935.40062482
C39,-6769182.673371103,32312276.637580797,-26023317.927157108
C39,-6429261.35087646,27618798.21476968,-31065565.14991262
C39,-8488343.671684645,23373065.4440081,-33963848.8979076
C39,-12397785.031115726,20722883.781121705,-34523403.23326848
C39,-17108352.88104099,20385537.73127789,-32711804.48165866
C39,-21354272.400832858,22455545.139124837,-28659579.871462967
C39,-23994304.76750436,26380986.589925133,-22649547.933091145
C39,-24317791.558043152,31113467.06838043,-15096074.856711263
C39,-22234027.038879007,35390263.05072363,-6516013.42322597
C39,-18295251.928829357,38072484.23785586,2506525.7293653255
C39,-13548132.399007123,38448972.59362755,11359216.20197726
C39,-9253919.560668785,36425426.276031114,19441951.623185776
C39,-6551871.487467881,32548931.373470567,26206288.49295027
C39,-6155245.324313125,27861587.83736825,31191620.74015051
C39,-8160567.216483827,23621953.065938007,34055971.35596629
C39,-12021200.997734588,20968038.61172332,34599503.319159836
C40,-24093719.221285008,34058883.42544155,-7175723.189215414
C40,-20329747.287705164,37088770.13363256,1868588.5618843923
C40,-15562293.13660387,37857694.69211862,10786301.199278302
C40,-11055600.45573783,36165410.44426834,18973194.004700866
C40,-8004934.588618046,32468640.597612347,25872985.350381523
C40,-7217530.826708501,27759642.139576524,31014178.230837174
C40,-8896137.00455761,23301499.177071266,34041980.24285449
C40,-12583365.593586156,20289908.50063273,34743233.25390051
C40,-17282880.05012154,19531425.625168767,33062508.311860926
C40,-21726311.260128267,21224792.042075124,29107884.872579336
C40,-24715131.975678198,24905335.600028224,23145489.838260476
C40,-25445403.76498176,29569009.41902343,15582629.514037704
C40,-23726756.771788705,33943779.07335326,6940269.506314666
C40,-20034962.450442344,36835185.23029984,-2183381.537886665
C40,-15382805.634184454,37451719.166037254,-11155504.026029937
C40,-11044148.765411455,35620605.8523569,-19354131.81632032
C40,-8206847.953258159,31834669.572350435,-26212736.314162917
C40,-7649794.902663762,27117721.874596737,-31260320.783914376
C40,-9532270.25205128,22745997.114020273,-34153929.45651144
C40,-13352284.314876819,19902347.587752555,-34701301.67956122
C40,-18083909.823236782,19357428.454255562,-32872380.623647697
C40,-22455024.125271868,21263621.31066528,-28799360.762956306
C40,-25289647.842195984,25115994.864927366,-22765817.058196455
C40,-25822833.239340417,29889283.722145554,-15186128.633289862
C41,-385492.8900505798,-25901968.050214782,-10286870.899383042
C41,221001.0046948772,-27885455.47380878,642304.6763235631
C41,910001.8832046576,-25457553.393561877,11422688.009327432
C41,3664835.2388341725,-19625088.289485734,19544865.1523877
C41,9227298.470827967,-12700365.155949898,23127983.558986325
C41,16594619.586772313,-7101514.115891897,21347383.714657933
C41,23459811.13375646,-4126601.5256848447,14617452.752082417
C41,27361372.793977294,-3346686.18986505,4495673.167447251
C41,26937600.30596269,-2933749.0495117847,-6670516.698668978
C41,22622820.738548346,-748427.7801290043,-16280821.564995563
C41,16410317.2444092,4392883.602856784,-22086640.819736212
C41,10800585.57109927,11957669.720997997,-22722968.623952333
C41,7496070.30578933,19866310.796177246,-18036747.583617553
C41,6547958.182182895,25511277.57741737,-9126658.2095063
C41,6417187.968999491,27080393.065785896,1918428.0340015504
C41,4910763.510535454,24469304.973165438,12517028.8351497
C41,476347.36199675687,19294574.952176034,20203447.761244517
C41,-6850196.450878067,14010208.3217034,23198808.106997643
C41,-15352338.691512628,10609595.300331233,20814521.85338485
C41,-22441991.44686715,9604890.947241336,13604255.611339089
C41,-25942566.21413864,9819668.430527084,3236789.931111373
C41,-25171924.044627618,9100758.832207274,-7882513.73155066
C41,-21252708.148139745,5571293.862669515,-17162936.693956982
C41,-16480042.342367815,-1245589.6576161012,-22431898.324105944
C42,16629055.775401851,-8630840.559008455,20714195.720364776
C42,15576461.827646762,457465.61957918084,23195793.962159403
C42,16741465.07598474,9438619.336592853,20293286.03921437
C42,19208393.747094586,15846337.283764578,12682720.358850865
C42,20847569.532864593,18466073.031689156,2128353.236317889
C42,19493146.975438483,17874263.646451995,-8920058.37116794
C42,14167623.12015542,16034441.52437954,-17889619.82949367
C42,5696043.031279202,15164485.705501817,-22682507.869727056
C42,-3629361.4243112104,16481629.428850766,-22171358.567370817
C42,-11165984.766069695,19505372.1199108,-16470828.091472803
C42,-15225071.513110599,22302230.951700196,-6914823.02168346
C42,-15862392.148949213,22543989.577482145,4258808.30199215
C42,-14732271.257335667,18804285.477459013,14439294.102022318
C42,-14093218.201879311,11388282.176920246,21257630.57878958
C42,-15512020.998458974,2248663.337346047,23135665.749194182
C42,-18966742.541149206,-5962565.89085254,19644104.86483984
C42,-22825154.694320384,-11199362.38082605,11595064.613924729
C42,-24706562.144331906,-12995939.297775196,854428.9163736647
C42,-22769562.43178727,-12600291.540350504,-10084086.622108372
C42,-16741654.833144605,-12198888.351642951,-18672061.604519926
C42,-8136505.721519517,-13646009.152332135,-22899849.271935146
C42,467965.8176792804,-17381603.554899637,-21772031.030192316
C42,6712613.735564221,-22128376.907628305,-15548028.35560283
C42,9614619.602236211,-25540986.383547746,-5684723.7404375
C43,17548132.340307936,-16299843.657657322,14330931.842934562
C43,21379099.00106587,-17398469.548990376,4433683.698013385
C43,21494163.79514357,-16598490.656913366,-6495959.202003543
C43,19295002.186003238,-12417645.222891558,-15914271.935828293
C43,16959080.232823957,-4908508.33366482,-21630424.935688853
C43,16222656.002719913,4260177.369102729,-22313488.300498795
C43,17425761.862010404,12578375.227648977,-17801258.013463385
C43,19331043.701687083,17918406.390785187,-9140679.746838262
C43,19815497.865896735,19559899.791655045,1651795.8106183456
C43,17065684.306365155,18470808.030511327,12058452.926042235
C43,10631763.01938903,16695238.46663588,19649670.075563375
C43,1767160.7900139522,16180511.225939037,22654209.593861856
C43,-7134705.702642456,17679897.036442947,20373649.75180467
C43,-13707579.91601915,20324950.411746453,13343385.626669979
C43,-16760609.353412446,22097003.903954905,3204621.7986056707
C43,-16797939.91487694,20941824.360906538,-7680352.666400331
C43,-15638970.086930528,15926477.786019024,-16778447.142605286
C43,-15350092.977328276,7816295.770467466,-21973292.894774996
C43,-17064913.728490546,-1238918.8884963002,-22054988.532457817
C43,-20326941.021675363,-8745585.416717779,-17001120.8275399
C43,-23309150.13050947,-13084056.369169459,-7984972.206196424
C43,-23796704.05778127,-14258026.965425603,2893648.659979409
C43,-20407873.6609575,-13777261.75092943,13096554.56955304
C43,-13394523.734459715,-13739005.90450211,20241682.534833502
C44,21314002.763149094,6070500.022405866,-16997029.887132835
C44,14040164.71140013,9800234.566669933,-22059041.569573823
C44,6974316.556694948,15718418.477241246,-21990095.46226856
C44,2050642.140454907,22184669.18897807,-16801724.091888987
C44,-241457.67880528327,26809905.597215958,-7697297.208622327
C44,-1014422.820996216,27683208.788630333,3203028.4280190603
C44,-2269118.4437170457,24371415.56040477,13354950.382674588
C44,-5697092.424075336,18152289.99407689,20386793.801335745
C44,-11650356.744767554,11352648.49557479,22657413.54010125
C44,-18841727.438114356,6147400.497636061,19640460.71099815
C44,-24941949.142786458,3465818.7054949133,12044406.008683989
C44,-27754466.433698542,2589156.1702808426,1642972.007829625
C44,-26339023.178007152,1647667.4835197786,-9141052.397524178
C44,-21485192.930074133,-1258366.3266105298,-17799551.5850075
C44,-15286404.059836457,-6920725.808719454,-22319409.39755091
C44,-10044308.634856384,-14481470.821341768,-21647360.674466755
C44,-7087290.499947559,-21781567.57036262,-15935076.337381676
C44,-6131254.054940954,-26420999.13712288,-6508246.216297721
C44,-5523373.019169828,-26970683.293184906,4437167.93486538
C44,-3237785.9324142225,-23689248.750506468,14345881.39468981
C44,1915670.3553422773,-18357816.89420879,20903053.28247656
C44,9528394.492815442,-13320705.661957197,22578757.980728567
C44,17694377.142059293,-10250385.155481342,18985780.033041578
C44,23925862.098663483,-9302092.311578484,10966828.660553033
C45,9177602.917997217,22648755.01694213,13440730.586727083
C45,3249607.828196492,18696946.43419876,20440565.114952262
C45,-5178043.347211655,15411512.703865092,22669860.193407197
C45,-13952840.069508824,14120382.933497326,19611374.81660225
C45,-20579226.37740446,14562156.86649783,11981641.569676373
C45,-23446530.696219996,15076610.64740196,1560913.1059522508
C45,-22593923.704144828,13568605.921141326,-9223385.99971806
C45,-19608661.005328033,8723162.995261598,-17861571.879137933
C45,-16717824.808460291,816337.473840096,-22343697.372693866
C45,-15563318.903739942,-8316054.882975055,-21625056.471691534
C45,-16316660.374565737,-16140439.023867216,-15869490.647839714
C45,-17607775.494461987,-20664478.976311926,-6414457.055059639
C45,-17307305.041607276,-21396459.47006964,4536963.293991733
C45,-13742791.416843543,-19513854.31561087,14429136.305324681
C45,-6691109.291180974,-17152045.360228695,20952773.998020697
C45,2393505.4470732897,-16199110.11301904,22586626.762144234
C45,11044130.796345757,-17249756.121052545,18952518.742092747
C45,16985135.7649201,-19283082.451924503,10901068.441687545
C45,19233623.030054495,-20235568.410137475,310472.34042839124
C45,18514121.388234787,-18158084.481091097,-10352612.440748092
C45,16771684.070111863,-12332980.973071868,-18606849.12271567
C45,16050599.15926256,-3749996.8350783307,-22531491.19167181
C45,17343013.424474407,5316806.69308842,-21211295.94030706
C45,20025737.40288625,12409931.355875276,-14950079.430878162
C46,-20521407.51208292,-1356208.4148477037,18864574.450759243
C46,-25164152.340390988,-5514530.260904612,10764216.962730112
C46,-27040867.17444164,-6983763.348416857,158064.64312700302
C46,-24821412.157634124,-7359360.729638889,-10485136.811309647
C46,-18847314.699931856,-8687765.608517379,-18691047.636386298
C46,-10990408.534759782,-12257926.938738216,-22551309.87776005
C46,-3717783.0051733926,-17810380.11692403,-21164588.26108255
C46,1141707.108624151,-23590899.978519004,-14847843.151627952
C46,3275543.741372823,-27226971.41542724,-5068025.31918717
C46,3942923.651912677,-26964587.758460738,5894966.808826924
C46,5178521.789459518,-22603236.42758312,15480301.103551952
C46,8576695.528192807,-15622582.66576203,21448527.42960879
C46,14319037.877901273,-8429386.988699008,22408413.563946046
C46,20976680.705805004,-3130187.163653129,18141156.625008266
C46,26196876.329731964,-489387.0485685263,9646986.797009261
C46,27905377.89853704,373055.58045257826,-1092695.582185847
C46,25381079.866043564,1391543.0888287108,-11578556.39687525
C46,19630725.249441188,4397423.195021822,-19372943.81955879
C46,12866410.580689225,10019481.607369859,-22662852.596261676
C46,7365195.844974902,17234176.581857793,-20679183.639665477
C46,4316694.382943261,23811580.791809984,-13877825.59871074
C46,3271239.252117253,27426841.323987205,-3839183.845774687
C46,2483337.3229114665,26848724.75077212,7095776.892106096
C46,-34645.06738304719,22568280.127113916,16372490.119343475
C47,-23574935.007551786,12427826.93938915,-8247826.220042557
C47,-24879038.78380783,12335352.35169183,2690485.489922785
C47,-22623942.95551186,9883566.102957362,13001323.668717017
C47,-18727480.41437034,4094036.6820585066,20280994.23152274
C47,-15458007.95608153,-4318610.335413251,22834775.70390227
C47,-14207925.309873622,-13211023.258918442,20070028.589437928
C47,-14765936.369942721,-20042058.27710931,12631930.305606626
C47,-15475630.723376531,-23123024.96387122,2252604.85125809
C47,-14192248.78009071,-22423755.877604894,-8651181.265136266
C47,-9521798.802715706,-19507594.59185897,-17539618.829210475
C47,-1674074.707632789,-16633334.259247595,-22340937.429150753
C47,7533430.240894058,-15508075.771769283,-21934415.260882355
C47,15529416.768034445,-16361874.814892493,-16412828.025691388
C47,20249486.54582769,-17842068.833238523,-7062625.302844635
C47,21133102.143095884,-17784544.3552466,3935255.1394405155
C47,19325537.80232823,-14445820.525277935,14015349.416311987
C47,16980355.13813465,-7529099.690750745,20828048.58510533
C47,16042611.53809398,1552197.7066407048,22787678.900598336
C47,17170768.990609944,10318428.875454646,19439981.681822103
C47,19376760.282223735,16433488.133953031,11565715.54014643
C47,20575827.285966083,18837950.342117663,998466.5869718151
C47,18750007.882375702,18205398.353566386,-9801175.165722536
C47,13099823.885633426,16482807.570981609,-18317495.67030304
C47,4563236.680950668,15765372.781959746,-22565248.289268088
C48,-15260170.914099626,18020679.498212356,-14860134.189280363
C48,-14644265.682832582,10460345.444020227,-21316376.907675166
C48,-16018755.362771742,1320125.5743281026,-22800526.055448424
C48,-19297950.73405681,-6794664.654295615,-18966043.574594732
C48,-22843198.739683345,-11916925.411101384,-10707653.74248793
C48,-24337233.32051684,-13653580.057079798,47889.23069667549
C48,-22050042.246430855,-13277189.92467907,10792506.605230946
C48,-15814176.50132294,-12930667.036205107,19022841.94832258
C48,-7183548.656895914,-14379056.781011596,22823345.688144807
C48,1311004.5560729913,-17983755.845562138,21310339.101096116
C48,7413087.660483596,-22451975.94530078,14835900.597456625
C48,10234445.22475591,-25497424.3895385,4906361.268733722
C48,10611888.559771243,-25060589.578952745,-6166226.93721458
C48,10541098.752223972,-20435846.473763157,-15801167.341515299
C48,11994967.612215288,-12698790.675535455,-21751077.2211377
C48,15766017.429521846,-4200251.042870009,-22627433.006290697
C48,20960648.78298815,2605360.8274290077,-18225548.04436871
C48,25421836.471663445,6372040.764561523,-9572561.086760862
C48,26856159.225271594,7468390.871827254,1312793.5855384725
C48,24060604.70231353,7658327.166228035,11892385.5382641
C48,17589609.69439068,9034745.15920076,19701600.048099108
C48,9503758.714165866,12785866.692954747,22923100.652488276
C48,2334747.435649202,18461694.5943943,20807910.777867083
C48,-2180969.9536698945,24137098.796860285,13848143.936034888
C49,6951827.658570928,-17125301.974645715,20905032.18669569
C49,13866727.768402154,-19639251.76367092,14174830.045694014
C49,17226291.91347454,-21570084.702476215,4141772.282702212
C49,17351458.054022197,-20766464.93162914,-6856073.853682012
C49,15995088.659694651,-16099396.563751876,-16257618.41710633
C49,15309791.812005816,-8145588.481959959,-21874253.658053745
C49,16621916.291351056,1025253.8076332808,-22397768.474163722
C49,19671772.26484583,8849221.318391513,-17704270.09626796
C49,22729423.667545404,13524338.404450435,-8884704.719915653
C49,23526709.432693202,14857696.746357236,2006559.799587783
C49,20506945.525610954,14253795.112592809,12429559.383583149
C49,13718932.681380194,13853729.312417362,19952571.794800583
C49,4870172.955080121,15292801.908336986,22821349.108099792
C49,-3493243.873169545,18750284.28974679,20368581.86442258
C49,-9242897.674294602,22805911.13622306,13168117.823050698
C49,-11690866.140112301,25181390.49457261,2899488.5845842375
C49,-11837006.200528683,23968710.862885352,-8044555.565663367
C49,-11715266.840515237,18685357.82726124,-17115584.902514454
C49,-13196304.534353632,10589342.712072697,-22201929.228557717
C49,-16893629.831576187,2083600.192122545,-22118688.527654774
C49,-21763259.582909934,-4474486.73592631,-16883157.01656902
C49,-25615163.02074669,-7926446.977701122,-7712681.208135253
C49,-26266608.26698547,-8816679.609657189,3256272.5896842266
C49,-22720748.54347477,-8980639.198915128,13465406.486553896
C50,15825060.471765477,2100981.6867232043,22896420.84587133
C50,14631096.601553729,11197514.41348921,20969468.12798477
C50,15358501.827936849,18514321.241081357,14159544.165105889
C50,16428324.98226699,22197546.255612288,4051993.730277758
C50,15644769.699665587,22024860.91709467,-6999419.531996207
C50,11454913.178612016,19437297.775958207,-16419536.77968421
C50,3882080.387280788,16698624.406806178,-22011935.100559045
C50,-5373813.433424738,15635873.742734266,-22471765.149703473
C50,-13729186.43273583,16639769.724335395,-17690894.908688743
C50,-18983621.472338468,18463478.551616684,-8783879.462134315
C50,-20386451.28085571,18927969.42546742,2171819.855405843
C50,-18935468.027356252,16153291.674605928,12621322.792292943
C50,-16752192.3470775,9650295.723178726,20129464.520416323
C50,-15874714.673479548,681879.1612980135,22948431.206621207
C50,-17120705.085292656,-8303598.216229825,20423160.51530145
C50,-19632071.67065066,-14866618.275435949,13142104.58229851
C50,-21344906.523579955,-17764502.747892056,2800307.07368817
C50,-20132420.80460534,-17503490.375938,-8193771.845626938
C50,-15007107.005515408,-15964194.549232673,-17278165.82029679
C50,-6733963.078188702,-15305034.726918152,-22334597.426670462
C50,2479462.655103283,-16736008.290656699,-22183135.523232684
C50,10055395.184532179,-19825109.38597802,-16858219.766124323
C50,14310584.684409633,-22712870.875299215,-7601361.251897916
C50,15240166.823514188,-23121283.924014866,3428362.3044324866
C59,-32310193.896028347,27101338.742442276,-460389.27246812824
C59,-32293007.114892177,27106419.74468417,-973319.6586700984
C59,-32276548.33769464,27103651.99152406,-1419853.8352839411
C59,-32264421.057391725,27094172.916086037,-1769388.0188003979
C59,-32259129.296724956,27080679.749177705,-1997950.3435908593
C59,-32261456.165651456,27066694.079823926,-2089840.6806908823
C59,-32270303.796891466,27055608.49990951,-2038720.0297723876
C59,-32283020.80068454,27049795.74786314,-1848047.989584012
C59,-32296141.25611287,27049999.31325592,-1530855.1466058178
C59,-32306329.899270173,27055177.454802286,-1108855.931434794
C59,-32311274.79820162,27062844.453611065,-610965.4717848815
C59,-32310289.84697473,27069808.804705415,-71316.68090859496
C59,-32304464.113068208,27073105.565490097,473083.72090746195
C59,-32296316.50702893,27070868.108795103,984898.5620093129
C59,-32289056.385288846,27062895.35328374,1429028.4502920534
C59,-32285649.191188525,27050759.05078124,1775024.8893454103
C59,-32287954.01818109,27037407.869840566,1999179.5916123786
C59,-32296160.83799516,27026389.30298922,2086146.7561808266
C59,-32308682.784155577,27020893.795071084,2029986.1566955291
C59,-32322553.837102566,27022863.149578698,1834565.0638330653
C59,-32334202.376647025,27032436.734804895,1513281.2601518629
C59,-32340421.387041237,27047847.200762082,1088141.3653035578
C59,-32339231.19993598,27065854.26788736,588252.5271435217
C59,-32330444.45739506,27082542.587868553,47833.660232482776
C60,7279647.688290574,41531718.210044846,-538605.6260288466
C60,7286714.363543051,41518017.44846792,-1012319.7987470041
C60,7285940.756804744,41502665.5567778,-1416666.3720283303
C60,7277255.673314702,41489183.23958035,-1723926.5052528502
C60,7262398.776576142,41480691.7449991,-1913020.9456846365
C60,7244494.4285336565,41479105.2384772,-1970962.718358464
C60,7227268.207719662,41484639.6860166,-1893755.9054318457
C60,7214118.021064418,41495770.661350936,-1686676.2086339893
C60,7207285.70871398,41509647.51401754,-1363911.8712858313
C60,7207344.8997548465,41522851.99668337,-947589.621380512
C60,7213136.808083859,41532294.97801571,-466252.70914793666
C60,7222161.468899574,41536014.26836326,47102.20429685999
C60,7231313.917559526,41533661.11315532,557292.273181295
C60,7237764.612057681,41526548.82500766,1029363.4442418801
C60,7239744.061564483,41517253.57973938,1430986.2478035926
C60,7237020.206293348,41508878.32786067,1734668.1601745335
C60,7230943.097044034,41504178.33228477,1919632.1025996257
C60,7224041.239323644,41504787.94284876,1973233.6712303066
C60,7219286.031406613,41510755.15201733,1891820.1070574778
C60,7219220.759515944,41520512.40469887,1680976.037316525
C60,7225191.833562112,41531293.302585036,1355137.9586083253
C60,7236898.057502667,41539884.61022897,936606.0171916033
C60,7252379.974832258,41543508.179490715,454020.7491495922
C60,7268463.691336234,41540601.029052764,-59592.25834004295
