C06,2.6485135,0.2020988,0.9443663,3.6300000e-05,9.0000000e-07,2.8000000e-06
C06,2.5682412,0.1366622,0.6827367,2.1800000e-05,6.0000000e-07,2.1000000e-06
C06,2.4178459,0.1228665,0.4242365,1.5500000e-05,5.0000000e-07,1.5000000e-06
C06,2.4503139,0.1035207,0.3013615,1.4000000e-05,3.0000000e-07,1.3000000e-06
C06,2.4213804,0.2444497,0.4538525,1.4100000e-05,7.0000000e-07,2.9000000e-06
C06,2.6863602,0.407055,0.6426873,1.8300000e-05,1.1000000e-06,8.8000000e-06
C06,3.3111677,0.8683138,0.321907,3.1300000e-05,2.1000000e-06,1.9400000e-05
C06,3.2746066,1.1673479,0.3257115,5.3600000e-05,2.9000000e-06,3.1000000e-06
C06,2.8467665,1.3243778,0.4488983,1.1590000e-04,3.5000000e-06,2.4000000e-06
C06,2.4923461,1.3443831,0.4860727,3.9920000e-04,4.0000000e-06,1.9000000e-06
C06,2.1014052,1.2923594,0.4834969,1.8620000e-04,4.5000000e-06,1.6000000e-06
C06,1.701399,1.0409984,0.5337234,4.4300000e-05,4.1000000e-06,1.6000000e-06
C06,1.5981482,0.7172676,0.5106554,1.9900000e-05,3.1000000e-06,1.5000000e-06
C06,1.6185504,0.2927911,0.4460661,1.2800000e-05,1.2000000e-06,1.4000000e-06
C06,1.8024729,0.0408964,0.3319485,1.1000000e-05,2.0000000e-07,1.2000000e-06
C06,2.256383,0.0904275,0.1803554,1.2400000e-05,3.0000000e-07,8.0000000e-07
C06,2.5976057,0.1698169,0.4644866,1.4700000e-05,5.0000000e-07,3.1000000e-06
C06,2.7229448,0.0631787,0.7669399,1.8300000e-05,2.0000000e-07,1.1400000e-05
C06,2.524029,0.0056816,0.6821621,2.3600000e-05,0.0000000e+00,3.1000000e-05
C06,2.6535773,0.3406297,0.5455005,4.3700000e-05,8.0000000e-07,5.0000000e-06
C06,2.8235621,0.5408813,0.5488145,1.2180000e-04,1.4000000e-06,2.9000000e-06
C06,2.6813322,0.9591599,0.7276254,6.8260000e-04,2.9000000e-06,2.8000000e-06
C06,2.6121372,0.9228019,0.7766579,3.2520000e-04,3.2000000e-06,2.5000000e-06
C06,2.6331189,0.7937607,0.8015772,7.6900000e-05,3.1000000e-06,2.4000000e-06
C07,0.1589439,1.2187791,0.7120809,1.0000000e-06,3.2000000e-06,8.6000000e-06
C07,0.0481738,1.1488441,0.5536578,4.0000000e-07,2.9000000e-06,6.4890000e-04
C07,0.6644262,1.0589958,0.1658998,6.8000000e-06,2.6000000e-06,2.1000000e-06
C07,0.6718408,1.1446526,0.0814561,1.0500000e-05,3.0000000e-06,5.0000000e-07
C07,0.7110051,1.1684468,0.3473779,1.6600000e-05,3.3000000e-06,1.6000000e-06
C07,0.6493996,1.2650473,0.506466,1.6400000e-05,3.9000000e-06,1.9000000e-06
C07,0.7322844,1.2496706,0.6524368,1.3300000e-05,4.3000000e-06,2.1000000e-06
C07,0.672569,1.3180004,0.6167749,7.9000000e-06,4.9000000e-06,2.0000000e-06
C07,0.6596755,1.2715705,0.5566183,5.4000000e-06,4.8000000e-06,1.8000000e-06
C07,0.7092741,1.2521994,0.3991321,4.6000000e-06,4.5000000e-06,1.5000000e-06
C07,0.8675221,1.0982184,0.2566166,5.0000000e-06,3.5000000e-06,1.1000000e-06
C07,1.1529125,0.9306109,0.0454691,6.5000000e-06,2.7000000e-06,3.0000000e-07
C07,1.4197957,0.8201091,0.1397773,8.8000000e-06,2.2000000e-06,1.7000000e-06
C07,1.5945053,0.822957,0.1675258,1.2200000e-05,2.1000000e-06,2.5800000e-04
C07,1.5866923,0.9111742,0.0887867,1.6800000e-05,2.3000000e-06,1.1000000e-06
C07,1.3564795,1.1799727,0.1339924,2.1700000e-05,3.1000000e-06,8.0000000e-07
C07,1.058772,1.4091845,0.2763437,2.4500000e-05,4.0000000e-06,1.2000000e-06
C07,0.7107383,1.6180024,0.2987297,1.6900000e-05,5.1000000e-06,1.1000000e-06
C07,0.3034779,1.7904134,0.1803624,5.1000000e-06,6.3000000e-06,6.0000000e-07
C07,0.045578,1.8101946,0.0177681,5.0000000e-07,6.9000000e-06,1.0000000e-07
C07,0.1825066,1.7325724,0.1194283,1.4000000e-06,6.6000000e-06,4.0000000e-07
C07,0.6654832,1.6898381,0.3361967,4.1000000e-06,6.0000000e-06,1.2000000e-06
C07,0.8263437,1.5614562,0.6075387,4.6000000e-06,5.0000000e-06,2.8000000e-06
C07,0.7653939,1.5186594,0.8067283,4.2000000e-06,4.4000000e-06,5.3000000e-06
C08,1.8121268,1.892922,0.0063169,5.6000000e-04,5.3000000e-06,0.0000000e+00
C08,1.9843304,1.5856322,0.4286417,8.8900000e-05,5.2000000e-06,1.5000000e-06
C08,1.9726611,1.3403914,0.8350407,1.6900000e-04,5.4000000e-06,2.5000000e-06
C08,1.7994147,1.0893729,1.281494,6.9600000e-05,5.3000000e-06,3.5000000e-06
C08,1.3276634,0.9535282,1.6240104,1.6600000e-05,5.1000000e-06,4.4000000e-06
C08,0.8687527,1.0142423,1.7797289,6.4000000e-06,5.1000000e-06,5.1000000e-06
C08,0.5107845,1.1466793,1.740095,2.8000000e-06,4.9000000e-06,5.8000000e-06
C08,0.0004867,1.2566304,1.3408023,0.0000000e+00,4.3000000e-06,5.7000000e-06
C08,0.0890713,1.4148723,0.8531821,5.0000000e-07,4.1000000e-06,5.7000000e-06
C08,0.0285828,1.488769,0.5069874,2.0000000e-07,3.8000000e-06,8.7000000e-06
C08,0.1795083,1.4842649,0.2808058,1.9000000e-06,3.6000000e-06,7.2000000e-06
C08,0.2356229,1.4287173,0.0956233,6.2000000e-06,3.6000000e-06,7.0000000e-07
C08,0.2743994,1.5113866,0.1576163,4.6700000e-05,4.2000000e-06,7.0000000e-07
C08,0.310848,1.6032816,0.1150992,1.2400000e-05,5.2000000e-06,4.0000000e-07
C08,0.3044926,1.7274707,0.1111877,2.0900000e-05,6.9000000e-06,3.0000000e-07
C08,0.1533428,1.7822961,0.3447158,6.7000000e-06,8.6000000e-06,9.0000000e-07
C08,0.0892642,1.7086614,0.1636658,1.2000000e-06,9.1000000e-06,4.0000000e-07
C08,0.2484844,1.860576,0.0719524,1.9000000e-06,9.3000000e-06,2.0000000e-07
C08,0.575426,1.9465915,0.0386584,3.2000000e-06,8.2000000e-06,1.0000000e-07
C08,1.0689723,1.9404324,0.1861704,5.5000000e-06,6.7000000e-06,8.0000000e-07
C08,1.4256917,1.761668,0.3644178,7.7000000e-06,5.1000000e-06,2.5000000e-06
C08,1.3766184,1.5315484,0.4027063,9.4000000e-06,3.9000000e-06,7.3000000e-06
C08,1.3074199,1.3647692,0.2673813,1.4100000e-05,3.3000000e-06,6.3000000e-06
C08,1.3268652,1.3168773,0.0096686,3.5700000e-05,3.3000000e-06,1.0000000e-07
C09,1.8433877,0.9892823,0.8207657,6.6200000e-05,3.8000000e-06,2.4000000e-06
C09,1.6439936,1.0479845,0.6791924,1.1000000e-04,4.3000000e-06,2.0000000e-06
C09,1.5483472,1.0493859,0.483093,2.6800000e-05,4.1000000e-06,1.5000000e-06
C09,1.608784,1.0124275,0.2978686,1.8100000e-05,3.5000000e-06,1.0000000e-06
C09,1.6773749,1.0460244,0.2548845,1.6800000e-05,3.1000000e-06,1.1000000e-06
C09,1.8059051,1.2332389,0.3510989,2.0700000e-05,3.3000000e-06,2.1000000e-06
C09,2.1044801,1.557303,0.2635215,3.8300000e-05,3.8000000e-06,3.3000000e-06
C09,2.3770584,1.7536415,0.1024985,2.0610000e-04,4.2000000e-06,1.0200000e-05
C09,2.062071,1.9587802,0.5456225,6.6900000e-05,4.9000000e-06,5.5000000e-06
C09,1.7058589,1.8804105,0.7974148,2.8300000e-05,5.1000000e-06,4.4000000e-06
C09,1.5850006,1.7213746,0.8605598,2.3300000e-05,5.3000000e-06,3.4000000e-06
C09,1.2982356,1.5350128,0.8602936,2.5000000e-05,5.5000000e-06,2.8000000e-06
C09,1.0494722,1.2657891,0.8296389,6.7800000e-05,5.1000000e-06,2.5000000e-06
C09,0.9544189,0.9240326,0.7991974,3.0300000e-05,3.8000000e-06,2.4000000e-06
C09,1.1120327,0.5678383,0.6770583,1.4500000e-05,2.2000000e-06,2.1000000e-06
C09,1.2577936,0.3183136,0.4926608,1.1700000e-05,1.1000000e-06,1.7000000e-06
C09,1.4286197,0.2712485,0.2259444,1.2200000e-05,8.0000000e-07,1.0000000e-06
C09,1.750386,0.2389858,0.0127664,1.7200000e-05,6.0000000e-07,1.0000000e-07
C09,1.8264841,0.3440653,0.2675625,2.7700000e-05,8.0000000e-07,4.3000000e-06
C09,1.8887126,0.3274723,0.2683554,9.7100000e-05,8.0000000e-07,1.0200000e-05
C09,2.0120505,0.6247354,0.2347292,7.7600000e-05,1.5000000e-06,2.1000000e-06
C09,2.0444534,0.8855308,0.3476088,3.5000000e-05,2.4000000e-06,1.8000000e-06
C09,1.8515093,1.1302523,0.2950996,2.6500000e-05,3.4000000e-06,1.1000000e-06
C09,1.738109,1.1722871,0.4381598,3.0100000e-05,4.1000000e-06,1.4000000e-06
C10,0.549681,1.4486009,1.1154267,5.1000000e-06,3.8000000e-06,8.0000000e-06
C10,0.4694949,1.3865332,1.0877808,5.9000000e-06,3.4000000e-06,1.7700000e-05
C10,0.1024757,1.5714543,0.7625235,2.4000000e-06,3.7000000e-06,3.7100000e-05
C10,0.3036606,1.6047314,0.2671282,5.3400000e-05,3.9000000e-06,2.6000000e-06
C10,0.2678121,1.6437683,0.097586,1.2100000e-05,4.2000000e-06,6.0000000e-07
C10,0.2821535,1.5628932,0.4118545,8.4000000e-06,4.4000000e-06,1.7000000e-06
C10,0.2124407,1.5445924,0.608472,8.2000000e-06,4.9000000e-06,2.1000000e-06
C10,0.1770465,1.5275128,0.6552067,1.0250000e-04,5.3000000e-06,2.1000000e-06
C10,0.3791633,1.4743966,0.7507856,1.1700000e-05,5.3000000e-06,2.4000000e-06
C10,0.6640776,1.5093871,0.5973811,9.9000000e-06,5.2000000e-06,2.0000000e-06
C10,0.9122372,1.4528001,0.4210892,9.8000000e-06,4.6000000e-06,1.6000000e-06
C10,1.0787497,1.4075918,0.1746444,1.0500000e-05,4.0000000e-06,8.0000000e-07
C10,1.3492408,1.402394,0.0636783,1.4300000e-05,3.7000000e-06,4.0000000e-07
C10,1.4248488,1.4741857,0.2218198,2.0700000e-05,3.6000000e-06,3.3000000e-06
C10,1.3977888,1.6187255,0.259198,4.0500000e-05,3.9000000e-06,1.6700000e-05
C10,1.1827828,1.8278841,0.1913816,2.8929000e-03,4.5000000e-06,2.0000000e-06
C10,0.8394512,1.9580459,0.1954902,3.5500000e-05,5.2000000e-06,1.1000000e-06
C10,0.5051498,2.0704216,0.1991919,1.6400000e-05,6.0000000e-06,8.0000000e-07
C10,0.1167593,2.0086762,0.3156005,6.2000000e-06,6.5000000e-06,1.1000000e-06
C10,0.2490335,2.0247781,0.4282377,2.5800000e-05,7.2000000e-06,1.4000000e-06
C10,0.480517,1.9207288,0.5863915,1.0200000e-05,7.0000000e-06,1.9000000e-06
C10,0.6254049,1.7767748,0.7322101,7.5000000e-06,6.2000000e-06,2.5000000e-06
C10,0.9647247,1.5188162,0.9050838,8.9000000e-06,4.8000000e-06,3.5000000e-06
C10,0.9610285,1.480691,1.1279852,8.2000000e-06,4.2000000e-06,5.5000000e-06
C11,1.4326698,0.3376724,0.0793493,6.0000000e-06,3.0000000e-06,9.0000000e-07
C11,1.355765,0.4411494,0.0690265,5.4000000e-06,3.8000000e-06,2.7000000e-06
C11,1.156374,0.3564308,0.2001297,5.1000000e-06,3.8000000e-06,1.5000000e-06
C11,1.1060677,0.7061067,0.5551267,6.0000000e-06,1.8900000e-05,2.7000000e-06
C11,0.9200253,1.1146078,0.5080392,6.2000000e-06,2.3900000e-05,2.2000000e-06
C11,0.8263539,1.477506,0.1995962,6.2000000e-06,1.0800000e-05,1.0000000e-06
C11,0.683658,1.6780275,0.3888579,5.0000000e-06,8.1000000e-06,3.0000000e-06
C11,0.467345,1.6649787,1.3971087,3.2000000e-06,7.0000000e-06,6.2600000e-05
C11,0.4857522,1.3329306,2.1811324,3.6000000e-06,5.8000000e-06,2.4700000e-05
C11,1.2487867,1.0040293,0.520881,1.3900000e-05,5.1000000e-06,2.9000000e-06
C11,0.1597617,0.9342599,1.1832435,1.3300000e-05,5.8000000e-06,5.2000000e-06
C11,0.6752943,0.9483199,1.1180306,8.4000000e-06,6.4000000e-06,5.0000000e-06
C11,0.9855767,0.7444366,0.733749,6.1000000e-06,4.8000000e-06,4.4000000e-06
C11,1.1559017,0.7314403,0.6633372,5.5000000e-06,4.3000000e-06,9.1000000e-06
C11,1.2987524,1.0200577,0.8313293,6.0000000e-06,6.0000000e-06,2.1600000e-05
C11,1.3314135,1.6595331,0.5216126,6.8000000e-06,1.1900000e-05,3.7000000e-06
C11,1.4394856,1.8577836,0.2746884,8.6000000e-06,2.6100000e-05,1.3000000e-06
C11,1.3948918,1.7657503,0.9332833,9.0000000e-06,8.5600000e-05,4.0000000e-06
C11,1.3727092,1.2916462,1.4699332,8.4000000e-06,1.1700000e-05,7.5000000e-06
C11,1.5151927,0.6162617,1.4932146,8.2000000e-06,3.6000000e-06,1.2800000e-05
C11,1.6650823,0.0651556,0.6602428,8.4000000e-06,3.0000000e-07,6.9000000e-05
C11,1.1838279,0.4664949,0.3175321,6.5000000e-06,2.5000000e-06,3.2000000e-06
C11,0.6796097,0.6414446,0.8202403,5.4000000e-06,3.9000000e-06,4.4000000e-06
C11,0.2158954,0.6802228,1.071035,5.4000000e-06,4.4000000e-06,4.7000000e-06
C12,1.3144336,0.6456354,0.7117844,5.0000000e-06,2.3300000e-04,7.3000000e-06
C12,1.3107834,0.7175131,0.1096829,6.3000000e-06,2.6600000e-05,6.0000000e-07
C12,0.9980734,1.0020132,0.2883772,7.2000000e-06,1.2600000e-05,1.3000000e-06
C12,0.2005863,2.0746899,0.2404493,2.5000000e-06,1.3600000e-05,1.1000000e-06
C12,0.1774137,2.1448241,0.3705649,3.8000000e-06,9.6000000e-06,2.3000000e-06
C12,0.4617366,2.099612,1.17193,1.2600000e-05,7.8000000e-06,1.9200000e-05
C12,4.4260641,1.3883149,6.7104423,1.3320000e-04,5.1000000e-06,1.3220000e-04
C12,3.1693741,0.2797224,3.5598232,2.1500000e-04,1.2000000e-06,2.3600000e-05
C12,2.0687931,0.1194968,1.7926039,6.3600000e-05,7.0000000e-07,8.3000000e-06
C12,1.2596711,0.2020847,0.9676312,1.1900000e-05,1.7000000e-06,4.2000000e-06
C12,1.1954995,0.0937317,0.5892197,6.4000000e-06,1.2000000e-06,3.1000000e-06
C12,1.2487432,0.1253146,0.1636132,5.0000000e-06,1.8000000e-06,1.5000000e-06
C12,1.1660949,0.1891283,0.2728361,4.3000000e-06,2.7000000e-06,4.2080000e-03
C12,1.0919094,0.1093805,0.0511804,4.4000000e-06,1.9000000e-06,5.0000000e-07
C12,0.9288809,0.133862,0.5036448,4.6000000e-06,7.7000000e-06,2.6000000e-06
C12,0.7025099,0.5662105,0.7166797,4.7000000e-06,1.0700000e-05,3.1000000e-06
C12,0.6414867,1.0462632,0.6634043,5.8000000e-06,7.5000000e-06,3.1000000e-06
C12,0.6407672,1.3903072,0.2225595,6.5000000e-06,6.5000000e-06,1.5000000e-06
C12,0.7252327,1.5071757,0.6803918,7.2000000e-06,5.9000000e-06,1.4000000e-05
C12,0.3015015,1.2941825,1.7604856,3.1000000e-06,5.1000000e-06,2.7900000e-05
C12,0.2876714,0.8217405,1.9264375,4.4000000e-06,3.7000000e-06,1.2000000e-05
C12,0.7651666,0.4683113,1.8033798,5.1290000e-04,2.7000000e-06,8.2000000e-06
C12,1.1549531,0.227478,1.3396822,1.3600000e-05,1.7000000e-06,5.9000000e-06
C12,1.3079406,0.0754195,0.7428554,7.7000000e-06,6.0000000e-07,4.0000000e-06
C13,1.7929937,1.759934,0.3228359,3.9500000e-05,4.6000000e-06,2.0000000e-06
C13,2.2051076,1.4796876,0.1918778,3.2100000e-05,4.4000000e-06,8.0000000e-07
C13,2.2940423,1.1464882,0.6464704,3.5600000e-05,4.1000000e-06,2.1000000e-06
C13,2.1335714,0.857932,1.1028147,6.3600000e-05,3.6000000e-06,3.2000000e-06
C13,1.8490582,0.6469347,1.5453486,1.1790000e-04,3.0000000e-06,4.3000000e-06
C13,1.2925364,0.597778,1.7879571,1.8400000e-05,2.8000000e-06,5.1000000e-06
C13,0.7799605,0.7076376,1.8729793,6.8000000e-06,2.9000000e-06,5.9000000e-06
C13,0.4045197,0.9966398,1.6639242,2.9000000e-06,3.4000000e-06,6.3000000e-06
C13,0.2541698,1.1892825,1.083887,1.9000000e-06,3.4000000e-06,5.6000000e-06
C13,0.2522883,1.338953,0.5778383,2.4000000e-06,3.4000000e-06,5.5000000e-06
C13,0.0107794,1.406048,0.3186527,2.0000000e-07,3.4000000e-06,2.6500000e-05
C13,0.0177917,1.3742622,0.0285157,1.6800000e-04,3.3000000e-06,3.0000000e-07
C13,0.2106567,1.3798358,0.0607509,4.7000000e-06,3.6000000e-06,4.0000000e-07
C13,0.2669684,1.391588,0.0989399,3.9000000e-06,4.1000000e-06,4.0000000e-07
C13,0.1722577,1.4089881,0.2699778,2.6000000e-06,5.0000000e-06,9.0000000e-07
C13,0.0289716,1.375659,0.4492487,8.0000000e-07,5.8000000e-06,1.3000000e-06
C13,0.1250281,1.4133739,0.4981823,1.0500000e-05,6.6000000e-06,1.4000000e-06
C13,0.1090992,1.5702176,0.4059394,1.7000000e-06,7.2000000e-06,1.1000000e-06
C13,0.0739545,1.7292264,0.3031464,7.0000000e-07,6.9000000e-06,9.0000000e-07
C13,0.4976767,1.7321952,0.3798221,3.8000000e-06,5.8000000e-06,1.4000000e-06
C13,0.9298985,1.6888387,0.4927699,7.3000000e-06,4.8000000e-06,2.5000000e-06
C13,1.0447756,1.552302,0.5815262,1.0800000e-05,3.9000000e-06,5.3000000e-06
C13,1.0508659,1.5340963,0.4827931,2.1700000e-05,3.7000000e-06,3.2500000e-05
C13,1.1264808,1.575331,0.1418617,2.4610000e-04,3.8000000e-06,1.8000000e-06
C14,1.3905637,0.2471012,0.2777904,9.2000000e-06,1.4000000e-06,1.9000000e-06
C14,1.0008794,0.5729917,0.4020233,7.0000000e-06,5.3000000e-06,1.9000000e-06
C14,0.5771835,0.7466006,0.8381207,3.7000000e-06,4.9000000e-05,3.6000000e-06
C14,0.4376903,0.9260093,1.2164051,2.3000000e-06,1.3900000e-05,6.3000000e-06
C14,0.5128799,0.4045245,1.5523425,2.3000000e-06,3.4000000e-06,1.3900000e-05
C14,0.9760065,0.075357,1.4811339,4.0000000e-06,6.0000000e-07,4.2140000e-04
C14,1.3756847,0.2699948,0.9137245,6.2000000e-06,2.1000000e-06,8.7000000e-06
C14,1.3399728,0.258768,0.0402641,8.3000000e-06,2.1000000e-06,2.0000000e-07
C14,0.8655782,0.2452929,0.807654,1.1500000e-05,1.8000000e-06,3.5000000e-06
C14,0.2254726,0.3020987,1.20498,2.0400000e-05,1.7000000e-06,5.6000000e-06
C14,0.4140914,0.3385278,1.3314783,5.7000000e-06,1.5000000e-06,8.7000000e-06
C14,0.9475954,0.6260526,1.3242586,9.3000000e-06,2.5000000e-06,2.5100000e-05
C14,0.2888375,1.5105737,1.9526062,2.8000000e-06,6.0000000e-06,3.3000000e-05
C14,1.4701071,0.5588843,0.1044034,1.4300000e-05,2.7000000e-06,7.0000000e-07
C14,1.3347517,0.6216762,0.4249464,1.1500000e-05,4.8000000e-06,1.9000000e-06
C14,1.3554519,0.5511629,0.6939687,8.8000000e-06,1.2800000e-05,3.0000000e-06
C14,1.3195376,0.0834727,0.3813545,6.4000000e-06,3.2000000e-06,2.0000000e-06
C14,1.236635,0.2782093,0.0168051,4.9000000e-06,4.4000000e-06,2.0000000e-07
C14,1.1802942,0.5835258,0.5227386,4.4000000e-06,8.0000000e-06,5.6600000e-05
C14,0.7874165,0.7999435,1.0939511,3.2000000e-06,1.0900000e-05,9.4000000e-06
C14,0.0014874,1.1167895,1.45578,0.0000000e+00,1.3000000e-05,7.4000000e-06
C14,0.8279362,1.6003638,1.3793524,8.5000000e-06,1.3000000e-05,6.0000000e-06
C14,1.3639113,1.8902739,0.7073289,5.6300000e-05,1.0500000e-05,3.3000000e-06
C14,1.5820042,1.8380956,0.184803,7.3300000e-05,7.7000000e-06,1.3000000e-06
C16,2.3260478,0.0401914,0.565035,2.1000000e-05,2.0000000e-07,1.6000000e-06
C16,2.2538483,0.1603897,0.3809547,1.4500000e-05,7.0000000e-07,1.2000000e-06
C16,2.1258233,0.2968665,0.2113129,1.1100000e-05,1.2000000e-06,8.0000000e-07
C16,2.1829818,0.4313748,0.0834245,1.0500000e-05,1.4000000e-06,4.0000000e-07
C16,2.2682045,0.6734175,0.153565,1.1400000e-05,1.9000000e-06,1.2000000e-06
C16,2.5722785,0.784316,0.0722605,1.5200000e-05,2.1000000e-06,1.7000000e-06
C16,2.9223384,0.9546509,0.4766694,2.3300000e-05,2.4000000e-06,9.9000000e-06
C16,2.7344036,1.1080711,0.9819223,3.4200000e-05,2.9000000e-06,7.2000000e-06
C16,2.3782855,1.054976,1.1023792,5.2200000e-05,3.0000000e-06,5.1000000e-06
C16,2.2145309,0.8596668,1.1984236,7.0100000e-05,2.8000000e-06,4.3000000e-06
C16,1.9195165,0.7720996,1.1120503,4.5600000e-05,2.9000000e-06,3.5000000e-06
C16,1.7524346,0.5477469,1.0343326,2.3500000e-05,2.4000000e-06,3.0000000e-06
C16,1.6982965,0.279337,0.8781199,1.4100000e-05,1.3000000e-06,2.6000000e-06
C16,1.7341533,0.0070114,0.7007854,1.0400000e-05,0.0000000e+00,2.2000000e-06
C16,1.8018931,0.1823207,0.4865822,8.9000000e-06,7.0000000e-07,1.8000000e-06
C16,2.1587214,0.2744034,0.0411351,9.9000000e-06,9.0000000e-07,2.0000000e-07
C16,2.4090713,0.2693965,0.2642482,1.1600000e-05,8.0000000e-07,2.2000000e-06
C16,2.2110332,0.1698931,0.4031189,1.2600000e-05,4.0000000e-07,1.3400000e-05
C16,2.1580711,0.0126279,0.2471358,1.6500000e-05,0.0000000e+00,4.1000000e-06
C16,2.2305464,0.3503343,0.2301616,2.6600000e-05,9.0000000e-07,1.6000000e-06
C16,2.3218833,0.4834149,0.33037,4.8500000e-05,1.3000000e-06,1.5000000e-06
C16,2.1710636,0.72078,0.3373821,6.7500000e-05,2.3000000e-06,1.2000000e-06
C16,2.1476052,0.6453959,0.4232694,5.2900000e-05,2.4000000e-06,1.3000000e-06
C16,2.1845004,0.5550852,0.4699885,3.0900000e-05,2.4000000e-06,1.4000000e-06
C19,0.6694479,1.1269735,0.403655,6.0000000e-06,4.5000000e-06,6.2000000e-06
C19,0.5263061,0.8159075,0.7238682,4.9000000e-06,4.1000000e-06,4.5000000e-06
C19,0.4790612,0.5416123,0.9820833,4.0000000e-06,4.5000000e-06,4.4000000e-06
C19,0.5951634,0.2694738,0.9894424,3.8000000e-06,7.9000000e-06,4.3000000e-06
C19,0.8837015,0.0486444,0.8564418,4.2000000e-06,1.4000000e-06,4.7000000e-06
C19,1.0929881,0.0253191,0.4661692,4.3000000e-06,4.0000000e-07,5.0000000e-06
C19,1.2346303,0.1124975,0.0697848,4.6000000e-06,1.4000000e-06,4.1000000e-06
C19,1.078625,0.120749,0.5648393,4.6000000e-06,1.5000000e-06,4.6000000e-06
C19,0.7302767,0.2685712,1.0103567,4.3000000e-06,2.9000000e-06,5.0000000e-06
C19,0.3555318,0.4626693,1.2300102,4.1000000e-06,3.6000000e-06,5.3000000e-06
C19,0.1029392,0.7325103,1.0829249,7.1000000e-06,4.0000000e-06,5.2000000e-06
C19,0.3849533,0.9591689,0.7372852,1.2600000e-05,4.0000000e-06,5.4000000e-06
C19,0.522554,1.2170904,0.3234075,1.1200000e-05,4.5000000e-06,9.6000000e-06
C19,0.4655113,1.2748856,0.1150977,9.6000000e-06,4.8000000e-06,1.5000000e-06
C19,0.4623927,1.077432,0.4437948,7.9000000e-06,5.1000000e-06,2.6000000e-06
C19,0.5646457,0.8754909,0.7233416,6.1000000e-06,6.4000000e-06,3.2000000e-06
C19,0.7290274,0.634772,0.7629306,4.8000000e-06,1.0100000e-05,3.4000000e-06
C19,0.9754705,0.4566245,0.6606853,4.5000000e-06,3.8800000e-05,3.8000000e-06
C19,1.1319268,0.2685714,0.2480526,4.2000000e-06,2.5300000e-05,3.0000000e-06
C19,1.1888672,0.1433499,0.251797,4.3000000e-06,9.4000000e-06,8.5000000e-06
C19,0.9547813,0.0563112,0.759562,3.9000000e-06,2.4000000e-06,5.7000000e-06
C19,0.6208242,0.3482765,1.0920386,3.5000000e-06,6.5000000e-06,5.3000000e-06
C19,0.2602653,0.7346978,1.1450334,2.4000000e-06,6.6000000e-06,4.9000000e-06
C19,0.0480754,1.0136739,0.8745098,9.0000000e-07,5.5000000e-06,4.3000000e-06
C20,0.7819543,0.3070603,0.8649414,4.7000000e-06,2.8000000e-06,4.4000000e-06
C20,0.7606201,0.0048386,1.0479372,4.9000000e-06,3.0000000e-07,4.5000000e-06
C20,0.8356559,0.1786282,0.9633818,5.0000000e-06,2.5000000e-06,4.6000000e-06
C20,0.9567156,0.389865,0.6591878,5.0000000e-06,2.7000000e-06,4.6000000e-06
C20,1.1112158,0.544082,0.1729826,5.2000000e-06,3.1000000e-06,4.3000000e-06
C20,1.1115291,0.5145286,0.3728578,5.4000000e-06,3.0000000e-06,5.2000000e-06
C20,0.8444513,0.4228224,0.8460519,5.3000000e-06,2.7000000e-06,5.1000000e-06
C20,0.4384952,0.422896,1.2064595,5.6000000e-06,2.8000000e-06,5.4000000e-06
C20,0.1114777,0.5130148,1.2480677,7.6000000e-06,3.2000000e-06,5.5000000e-06
C20,0.6294606,0.5906528,0.9667357,6.7000000e-06,3.1000000e-06,5.4000000e-06
C20,0.9086268,0.783554,0.581389,6.5000000e-06,3.5000000e-06,6.6000000e-06
C20,1.015786,0.9500735,0.1028834,6.8000000e-06,4.0000000e-06,4.6000000e-06
C20,0.9297126,0.8979843,0.3124072,6.6000000e-06,4.4000000e-06,2.4000000e-06
C20,0.8569028,0.6736656,0.6160731,6.4000000e-06,5.0000000e-06,3.0000000e-06
C20,0.9201267,0.4502572,0.8503943,6.2000000e-06,9.9000000e-06,3.7000000e-06
C20,0.9814018,0.2212892,0.8679798,5.3000000e-06,5.6000000e-06,4.2000000e-06
C20,1.0785901,0.0599741,0.5892402,4.8000000e-06,6.0000000e-07,4.5000000e-06
C20,1.1807201,0.2737157,0.1175254,4.7000000e-06,2.3000000e-06,4.3000000e-06
C20,1.0789405,0.3603956,0.4091442,4.5000000e-06,3.1000000e-06,4.9000000e-06
C20,0.7495844,0.4556718,0.8633103,4.1000000e-06,4.0000000e-06,4.9000000e-06
C20,0.3192363,0.642371,1.1263329,3.1000000e-06,5.0000000e-06,5.0000000e-06
C20,0.1527229,0.8089622,1.0628061,1.0000000e-05,4.9000000e-06,4.7000000e-06
C20,0.5546833,0.9625732,0.6540772,1.1100000e-05,4.5000000e-06,3.8000000e-06
C20,0.7378305,1.1088226,0.1503745,8.9000000e-06,4.3000000e-06,2.0000000e-06
C21,0.284993,0.7741811,1.1186758,2.3000000e-06,6.8000000e-06,5.0000000e-06
C21,0.1398053,1.1005618,0.7152537,1.3000000e-06,5.7000000e-06,4.3000000e-06
C21,0.2953585,1.258952,0.233186,2.6000000e-06,5.2000000e-06,3.3000000e-06
C21,0.4562381,1.246935,0.1920138,4.0000000e-06,5.0000000e-06,4.8000000e-06
C21,0.3706278,1.0188911,0.58815,4.1000000e-06,4.6000000e-06,4.1000000e-06
C21,0.1825508,0.8348731,0.8347691,6.3000000e-06,4.6000000e-06,3.9000000e-06
C21,0.1405554,0.7962271,1.009005,2.5000000e-06,5.5000000e-06,4.4000000e-06
C21,0.4647933,0.7333729,0.9136906,3.2000000e-06,5.5000000e-06,4.6000000e-06
C21,0.7338866,0.7385584,0.5693075,3.5000000e-06,5.3000000e-06,4.9000000e-06
C21,0.9546615,0.7642885,0.1117278,4.0000000e-06,5.2000000e-06,1.2000000e-05
C21,0.9646963,0.636806,0.4269142,4.3000000e-06,4.8000000e-06,4.3000000e-06
C21,0.8181131,0.3843949,0.8480635,4.3000000e-06,4.6000000e-06,4.5000000e-06
C21,0.7206014,0.0412285,1.0957444,4.5000000e-06,2.5400000e-05,4.8000000e-06
C21,0.5802936,0.5106164,1.0457695,3.9000000e-06,5.6000000e-06,4.8000000e-06
C21,0.4898659,0.9066307,0.6923865,3.1000000e-06,5.4000000e-06,4.4000000e-06
C21,0.5198385,1.1309556,0.3345515,3.0000000e-06,5.3000000e-06,5.6000000e-06
C21,0.576883,1.2185795,0.1412892,3.4000000e-06,5.7000000e-06,2.7000000e-06
C21,0.38159,1.0997778,0.498119,2.8000000e-06,5.7000000e-06,3.3000000e-06
C21,0.1337275,1.0386442,0.7067044,2.2000000e-06,6.3000000e-06,3.3000000e-06
C21,0.1756142,1.0153801,0.7206624,5.6000000e-06,6.6000000e-06,3.1000000e-06
C21,0.3933304,1.0945455,0.618434,3.3000000e-06,6.6000000e-06,3.3000000e-06
C21,0.6434442,1.0553036,0.2285181,3.6000000e-06,5.6000000e-06,2.2000000e-06
C21,0.7487997,1.0025049,0.299209,3.8000000e-06,5.0000000e-06,8.6800000e-05
C21,0.6545367,0.741374,0.8120291,3.6000000e-06,4.2000000e-06,7.3000000e-06
C22,0.3299241,1.2344522,0.4077357,3.2800000e-05,4.8000000e-06,3.6000000e-06
C22,0.2602535,1.3666088,0.085371,6.9500000e-05,4.9000000e-06,1.7900000e-05
C22,0.0427321,1.2067716,0.5337001,1.9500000e-05,4.7000000e-06,5.1000000e-06
C22,0.095802,0.8665631,0.8178864,3.4000000e-06,4.3000000e-06,4.3000000e-06
C22,0.3279121,0.6421388,1.0583948,4.0000000e-06,4.8000000e-06,4.6000000e-06
C22,0.5824664,0.5577112,1.0328863,3.7000000e-06,7.2000000e-06,4.8000000e-06
C22,0.9083691,0.4411439,0.726236,4.0000000e-06,9.5000000e-06,4.7000000e-06
C22,1.1406558,0.4403841,0.3242799,4.2000000e-06,1.1500000e-05,6.0000000e-06
C22,1.2002518,0.4057335,0.2116516,4.4000000e-06,1.1700000e-05,3.7000000e-06
C22,1.0131434,0.2139773,0.7225641,4.4000000e-06,1.4800000e-05,4.6000000e-06
C22,0.757487,0.0719447,1.0904288,4.5000000e-06,2.0000000e-06,5.0000000e-06
C22,0.4386083,0.4851799,1.2109431,3.8000000e-06,4.4000000e-06,5.3000000e-06
C22,0.1393929,0.902302,0.9221377,1.7000000e-06,4.7000000e-06,4.9000000e-06
C22,0.0086107,1.1748675,0.5416309,1.0000000e-07,4.7000000e-06,5.3000000e-06
C22,0.0310902,1.3949397,0.1040754,4.0000000e-07,5.2000000e-06,1.3000000e-05
C22,0.0241352,1.281174,0.3374273,4.0000000e-07,5.2000000e-06,2.9000000e-06
C22,0.1309905,1.0629604,0.6189423,8.8000000e-06,5.4000000e-06,3.2000000e-06
C22,0.3852125,0.986418,0.8099203,6.7000000e-06,6.8000000e-06,3.5000000e-06
C22,0.6711365,0.8686557,0.7885582,4.7000000e-06,7.9000000e-06,3.7000000e-06
C22,0.8715562,0.8159237,0.4496603,4.0000000e-06,8.2000000e-06,3.1000000e-06
C22,1.0452588,0.7391781,0.0244569,4.1000000e-06,7.2000000e-06,6.0000000e-07
C22,1.0176727,0.5297224,0.5952811,4.0000000e-06,5.5000000e-06,8.5000000e-06
C22,0.7867927,0.2019769,1.0166906,3.7000000e-06,3.2000000e-06,6.1000000e-06
C22,0.5692424,0.2427685,1.2483524,3.4000000e-06,9.7200000e-05,5.6000000e-06
C23,0.4922937,1.0575473,0.5515742,5.0000000e-06,4.7000000e-06,4.3000000e-06
C23,0.2558595,0.9244866,0.865895,6.5000000e-06,4.9000000e-06,4.3000000e-06
C23,0.1275473,0.781058,1.0246113,2.9000000e-06,5.0000000e-06,4.5000000e-06
C23,0.5852172,0.6825074,0.8309081,4.4000000e-06,4.7000000e-06,4.2000000e-06
C23,0.9835506,0.6247888,0.4584955,4.9000000e-06,4.2000000e-06,3.7000000e-06
C23,1.1512533,0.4908244,0.1680892,5.0000000e-06,3.2000000e-06,7.8000000e-06
C23,1.1280372,0.2752072,0.6671252,5.0000000e-06,2.0000000e-06,7.7000000e-06
C23,0.9496268,0.1335083,0.940993,4.8000000e-06,1.4000000e-06,5.4000000e-06
C23,0.8489339,0.4968886,1.0157685,5.0000000e-06,3.2100000e-05,4.6000000e-06
C23,0.7617574,0.7674453,0.8491254,4.8000000e-06,1.0100000e-05,3.9000000e-06
C23,0.7509331,0.9301942,0.5154267,4.5000000e-06,6.0000000e-06,3.2000000e-06
C23,0.8399172,1.0239274,0.1596172,4.7000000e-06,5.1000000e-06,2.3000000e-06
C23,0.8603922,0.8938788,0.2147536,4.8000000e-06,4.2000000e-06,5.4000000e-06
C23,0.8783034,0.7418247,0.6292414,6.1000000e-06,3.8000000e-06,4.5000000e-06
C23,0.6313308,0.5673644,1.0216086,8.5000000e-06,3.3000000e-06,4.9000000e-06
C23,0.1646339,0.4701573,1.2355267,1.0600000e-05,2.9000000e-06,5.5000000e-06
C23,0.3702625,0.504035,1.0952469,3.6000000e-06,2.9000000e-06,5.7000000e-06
C23,0.8006513,0.651055,0.7731347,4.9000000e-06,3.3000000e-06,6.8000000e-06
C23,1.0070065,0.6951391,0.2086701,5.4000000e-06,3.4000000e-06,2.2700000e-05
C23,1.036862,0.610711,0.3171529,5.7000000e-06,3.3000000e-06,3.2000000e-06
C23,0.9623889,0.3234478,0.6709045,5.8000000e-06,2.5000000e-06,3.7000000e-06
C23,1.0091902,0.0153428,0.8345784,6.3000000e-06,3.0000000e-07,3.7000000e-06
C23,1.0305159,0.3439968,0.7285741,5.9000000e-06,7.6000000e-06,3.4000000e-06
C23,1.0545562,0.5429357,0.4127811,5.2000000e-06,4.6000000e-06,2.7000000e-06
C24,0.860904,0.0882781,0.9120321,4.1000000e-06,4.6000000e-06,5.0000000e-06
C24,1.0920257,0.3452106,0.5748957,4.3000000e-06,5.8000000e-06,5.7000000e-06
C24,1.1135647,0.4737159,0.0353486,4.1000000e-06,6.4000000e-06,5.9000000e-06
C24,0.9118025,0.6595865,0.5557505,3.7000000e-06,8.5000000e-06,5.0000000e-06
C24,0.539227,0.8680839,0.8105417,3.0000000e-06,9.4000000e-06,4.3000000e-06
C24,0.2232321,1.1619791,0.8508078,2.2000000e-06,9.0000000e-06,3.8000000e-06
C24,5.47e-05,1.2675493,0.6215787,0.0000000e+00,6.9000000e-06,3.0000000e-06
C24,0.14056,1.333754,0.2846325,8.2000000e-06,5.6000000e-06,2.0000000e-06
C24,0.1026238,1.3111476,0.093315,2.7000000e-06,4.8000000e-06,2.2000000e-06
C24,0.0580298,1.317524,0.4205702,1.3000000e-06,4.9000000e-06,6.3000000e-06
C24,0.026717,1.065154,0.8201793,5.0000000e-07,4.8000000e-06,5.1000000e-06
C24,0.0971981,0.7815695,1.1185991,1.1000000e-06,5.2000000e-06,5.2000000e-06
C24,0.3604741,0.3749885,1.2407549,2.4000000e-06,4.7000000e-06,5.6000000e-06
C24,0.7034472,0.0070945,1.0818159,3.3000000e-06,3.0000000e-07,6.1000000e-06
C24,1.1378358,0.2499064,0.6855936,4.3000000e-06,2.1890000e-04,7.7000000e-06
C24,1.202714,0.361514,0.0875651,4.3000000e-06,4.6200000e-05,4.7000000e-06
C24,1.1123014,0.4061876,0.4520579,4.4000000e-06,2.1000000e-05,3.7000000e-06
C24,0.8192117,0.55687,0.7864561,4.3000000e-06,1.0900000e-05,4.0000000e-06
C24,0.5939099,0.7621391,0.9179848,4.8000000e-06,7.0000000e-06,4.1000000e-06
C24,0.3998088,0.9476932,0.7977809,5.8000000e-06,5.3000000e-06,3.9000000e-06
C24,0.251645,1.1307699,0.5555019,6.5000000e-06,4.6000000e-06,4.2000000e-06
C24,0.263362,1.2196737,0.23396,9.3000000e-06,4.4000000e-06,7.9000000e-06
C24,0.2339249,1.3197108,0.1361203,1.2000000e-05,4.9000000e-06,1.7000000e-06
C24,0.1303461,1.2064254,0.5563151,1.8400000e-05,5.4000000e-06,3.3000000e-06
C25,0.5626772,0.8060998,0.6719976,7.6000000e-06,5.3000000e-06,3.0000000e-06
C25,0.8347822,0.5076796,0.5803151,5.6000000e-06,5.2000000e-06,2.7000000e-06
C25,0.9447913,0.4223953,0.341135,4.3000000e-06,6.4000000e-06,2.2000000e-06
C25,1.1008609,0.278028,0.0092702,4.1000000e-06,5.0000000e-06,1.0000000e-07
C25,1.0073984,0.1571469,0.3406822,3.7000000e-06,3.2000000e-06,7.6000000e-06
C25,0.9163908,0.0542599,0.6306695,3.9000000e-06,2.1000000e-06,4.4000000e-06
C25,0.7769068,0.3296367,0.8313177,4.2000000e-06,1.3700000e-05,4.0000000e-06
C25,0.640414,0.6534309,0.8353589,4.9000000e-06,6.6000000e-06,3.7000000e-06
C25,0.4792184,0.8887254,0.6463793,4.8000000e-06,4.9000000e-06,3.4000000e-06
C25,0.3721022,1.1047127,0.3942793,4.2000000e-06,4.6000000e-06,3.6000000e-06
C25,0.2884627,1.1082419,0.03104,3.4000000e-06,4.2000000e-06,9.7000000e-06
C25,0.2241575,1.0398073,0.4385562,3.2000000e-06,4.2000000e-06,4.3000000e-06
C25,0.0111975,0.80408,0.7552449,4.0000000e-07,3.9000000e-06,4.1000000e-06
C25,0.1930809,0.5957952,0.9158165,4.3000000e-06,3.7000000e-06,4.1000000e-06
C25,0.5365595,0.3706899,0.8079837,4.1000000e-06,2.9000000e-06,3.8000000e-06
C25,0.7723313,0.2975137,0.590851,3.8000000e-06,2.6000000e-06,4.0000000e-06
C25,0.9157371,0.3173968,0.281107,3.7000000e-06,2.7000000e-06,5.4000000e-06
C25,1.0726276,0.3722546,0.0494265,4.3000000e-06,3.4000000e-06,9.0000000e-07
C25,0.9680515,0.2621004,0.403511,4.4000000e-06,3.4000000e-06,2.6000000e-06
C25,0.9250464,0.072372,0.6830833,5.2000000e-06,6.2000000e-06,3.2000000e-06
C25,0.8574794,0.1809059,0.8365749,5.8000000e-06,2.4000000e-06,3.7000000e-06
C25,0.7515016,0.5063108,0.762459,5.4000000e-06,3.2000000e-06,4.2000000e-06
C25,0.711174,0.8168144,0.5428743,4.9000000e-06,3.7000000e-06,5.6000000e-06
C25,0.5700972,0.9892204,0.1339713,3.9000000e-06,4.2000000e-06,1.4500000e-05
C26,0.7787042,0.6923992,0.0694901,3.5000000e-06,4.2000000e-06,1.7000000e-06
C26,0.7075197,0.8229122,0.2872726,3.3000000e-06,4.9000000e-06,4.3000000e-06
C26,0.5422796,0.7489817,0.5796867,3.3000000e-06,4.8000000e-06,3.6000000e-06
C26,0.2228721,0.8487897,0.7821241,2.6000000e-06,5.5000000e-06,3.6000000e-06
C26,0.1244993,0.9562762,0.7187973,2.2400000e-05,5.7000000e-06,3.2000000e-06
C26,0.3834851,1.0095305,0.4711295,4.6000000e-06,5.0000000e-06,2.7000000e-06
C26,0.6305395,1.0540589,0.1186026,4.9000000e-06,4.6000000e-06,1.4000000e-06
C26,0.6295075,0.925641,0.2777104,4.4000000e-06,3.9000000e-06,1.3800000e-05
C26,0.6275123,0.7138464,0.6389379,4.5000000e-06,3.4000000e-06,5.2000000e-06
C26,0.6262969,0.4005992,0.8368672,4.6000000e-06,2.8000000e-06,4.2000000e-06
C26,0.6800048,0.0942354,0.8881148,4.4000000e-06,1.7000000e-06,3.9000000e-06
C26,0.7078029,0.2847811,0.7319324,3.7000000e-06,1.0200000e-05,3.6000000e-06
C26,0.8081698,0.4852026,0.4718764,3.5000000e-06,5.7000000e-06,3.6000000e-06
C26,0.8512857,0.5480179,0.1332886,3.3000000e-06,5.0000000e-06,4.5000000e-06
C26,0.9044233,0.5924394,0.2608045,3.7000000e-06,5.3000000e-06,3.3000000e-06
C26,0.6982355,0.545516,0.5936989,3.7000000e-06,4.8000000e-06,3.5000000e-06
C26,0.4598144,0.592197,0.8317734,4.2000000e-06,4.5000000e-06,3.8000000e-06
C26,0.2044293,0.7098675,0.8904844,7.8000000e-06,4.2000000e-06,4.1000000e-06
C26,0.0760881,0.8337391,0.7542796,2.0000000e-06,3.8000000e-06,4.5000000e-06
C26,0.2964206,1.0587587,0.5145809,4.1000000e-06,4.1000000e-06,6.8000000e-06
C26,0.4019124,1.0609473,0.1240109,4.9000000e-06,4.0000000e-06,3.8000000e-06
C26,0.4955291,0.9977482,0.2528072,5.8000000e-06,4.3000000e-06,1.9000000e-06
C26,0.6407824,0.7681514,0.5274595,6.2000000e-06,4.8000000e-06,2.6000000e-06
C26,0.8237521,0.4831053,0.6622065,5.8000000e-06,6.0000000e-06,2.9000000e-06
C27,0.8959333,0.2341365,0.6971947,4.2000000e-06,3.5000000e-06,4.1000000e-06
C27,0.5478026,0.3583191,0.9954912,4.0000000e-06,3.5000000e-06,4.5000000e-06
C27,0.2545394,0.5498504,0.9750101,4.0000000e-06,3.5000000e-06,4.4000000e-06
C27,0.1035932,0.7516179,0.7502688,9.4000000e-06,3.4000000e-06,4.4000000e-06
C27,0.0256182,1.0148465,0.4040025,1.9000000e-06,3.8000000e-06,5.2000000e-06
C27,0.0519853,1.0604396,0.0722946,2.5000000e-06,3.8000000e-06,2.3000000e-06
C27,0.1682666,0.8795659,0.5281979,5.4000000e-06,3.6000000e-06,4.0000000e-06
C27,0.4056692,0.6667482,0.8402247,6.5000000e-06,3.7000000e-06,4.1000000e-06
C27,0.6285674,0.3620856,0.8803239,5.3000000e-06,3.3000000e-06,3.9000000e-06
C27,0.8920799,0.1581912,0.7548017,4.7000000e-06,2.9000000e-06,3.8000000e-06
C27,1.1632807,0.041956,0.3854481,4.7000000e-06,1.7000000e-06,3.1000000e-06
C27,1.2294185,0.0646507,0.0786473,4.4000000e-06,4.1000000e-06,4.3000000e-06
C27,1.1498788,0.0514366,0.5051398,4.4000000e-06,6.8000000e-06,5.6000000e-06
C27,0.8479708,0.1598101,0.8320663,4.0000000e-06,8.4000000e-06,4.7000000e-06
C27,0.5148422,0.4542562,1.0358796,3.4000000e-06,6.2000000e-06,4.6000000e-06
C27,0.2327683,0.7665048,0.8435316,2.5000000e-06,5.2000000e-06,3.9000000e-06
C27,0.1410789,0.969785,0.47521,2.3000000e-06,4.4000000e-06,3.0000000e-06
C27,0.1582261,1.1356067,0.0638223,3.1000000e-06,4.3000000e-06,1.0000000e-06
C27,0.2497854,1.017916,0.377498,5.5000000e-06,3.7000000e-06,8.6000000e-06
C27,0.1314304,0.7252428,0.8110929,5.3000000e-06,3.0000000e-06,5.7000000e-06
C27,0.0711568,0.5658422,1.053682,2.9000000e-06,3.1000000e-06,5.0000000e-06
C27,0.4198626,0.3442079,1.1330551,4.3000000e-06,2.7000000e-06,5.0000000e-06
C27,0.6690526,0.2366843,0.9181362,3.7000000e-06,2.5000000e-06,4.8000000e-06
C27,0.9930379,0.2202813,0.6382735,4.1000000e-06,2.6000000e-06,5.7000000e-06
C28,0.174088,0.5399197,1.06761,3.0000000e-06,3.6000000e-06,4.7000000e-06
C28,0.1723067,0.6369282,0.9068426,6.5000000e-06,3.4000000e-06,4.4000000e-06
C28,0.2586118,0.7983326,0.6550246,3.0000000e-06,3.5000000e-06,4.7000000e-06
C28,0.3639862,0.8867762,0.2680029,3.2000000e-06,3.5000000e-06,7.1000000e-06
C28,0.4373826,0.8682788,0.2210886,3.8000000e-06,3.6000000e-06,3.1000000e-06
C28,0.5014688,0.6248012,0.6363535,4.3000000e-06,3.2000000e-06,3.9000000e-06
C28,0.6888977,0.3564744,0.8850835,5.3000000e-06,3.1000000e-06,4.0000000e-06
C28,0.8602983,0.0310893,0.8487742,5.2000000e-06,1.1000000e-06,3.8000000e-06
C28,0.9766016,0.3675042,0.5406623,4.6000000e-06,9.6000000e-06,3.1000000e-06
C28,1.163113,0.5687411,0.1326444,4.6000000e-06,7.6000000e-06,1.6000000e-06
C28,1.1464004,0.5975371,0.328714,4.3000000e-06,7.0000000e-06,1.3800000e-05
C28,0.8639726,0.5589912,0.7201262,3.7000000e-06,6.4000000e-06,5.7000000e-06
C28,0.5274487,0.5884122,0.9717668,3.2000000e-06,5.8000000e-06,4.8000000e-06
C28,0.1033227,0.6902933,0.8996623,1.2000000e-06,5.0000000e-06,3.9000000e-06
C28,0.152134,0.8938141,0.667722,1.3300000e-05,4.6000000e-06,3.3000000e-06
C28,0.2503402,1.009786,0.2974733,7.5000000e-06,4.1000000e-06,2.3000000e-06
C28,0.2536151,0.9749739,0.175088,5.0000000e-06,3.6000000e-06,6.9000000e-06
C28,0.2315774,0.8096756,0.6624789,4.2000000e-06,3.1000000e-06,7.9000000e-06
C28,0.3138931,0.43629,0.9652357,4.6000000e-06,2.1000000e-06,5.6000000e-06
C28,0.4989717,0.073965,1.0281928,4.8000000e-06,6.0000000e-07,4.6000000e-06
C28,0.7922723,0.1979063,0.9405126,4.9000000e-06,3.3000000e-06,4.3000000e-06
C28,1.0023641,0.3554152,0.5608685,4.5000000e-06,3.5900000e-05,3.4000000e-06
C28,1.2154656,0.3378996,0.1605654,4.5000000e-06,2.5400000e-05,2.2000000e-06
C28,1.2287298,0.2317553,0.2931933,4.5000000e-06,1.1400000e-05,8.1000000e-06
C29,0.7015019,0.5016969,0.7617962,4.1000000e-06,3.1000000e-06,5.1000000e-06
C29,0.901226,0.6566924,0.3732322,4.3000000e-06,3.7000000e-06,7.5000000e-06
C29,0.9128393,0.8437944,0.0868914,4.3000000e-06,5.0000000e-06,1.4000000e-06
C29,0.8778337,0.6857861,0.4766511,4.6000000e-06,5.3000000e-06,3.1000000e-06
C29,0.8594852,0.3849028,0.7811285,5.1000000e-06,7.0000000e-06,3.6000000e-06
C29,0.8500266,0.0180523,0.8750393,5.3000000e-06,5.0000000e-07,3.9000000e-06
C29,0.788581,0.2736545,0.71261,4.5000000e-06,2.3000000e-06,3.9000000e-06
C29,0.8435466,0.5635504,0.4337779,4.3000000e-06,3.2000000e-06,4.5000000e-06
C29,0.7892474,0.6284576,0.0471173,3.9000000e-06,3.2000000e-06,4.0000000e-06
C29,0.6186499,0.6827207,0.3839136,3.5000000e-06,3.7000000e-06,3.3000000e-06
C29,0.3139368,0.6971072,0.7634746,2.8000000e-06,4.2000000e-06,3.9000000e-06
C29,0.0742761,0.7139891,0.8135265,3.1000000e-06,4.5000000e-06,3.6000000e-06
C29,0.4572775,0.7757258,0.718857,7.0000000e-06,4.4000000e-06,3.5000000e-06
C29,0.7187893,0.8509081,0.3836391,5.4000000e-06,4.2000000e-06,2.8000000e-06
C29,0.8180007,0.892532,0.1057649,5.0000000e-06,4.0000000e-06,2.8000000e-06
C29,0.7755025,0.8508084,0.5564753,4.7000000e-06,4.0000000e-06,7.7000000e-06
C29,0.6448798,0.579472,0.8400764,4.2000000e-06,3.5000000e-06,5.1000000e-06
C29,0.6242593,0.2555157,1.028099,4.1000000e-06,3.1000000e-06,4.7000000e-06
C29,0.6766376,0.1065024,0.9580121,4.0000000e-06,1.4500000e-05,4.3000000e-06
C29,0.7642505,0.3498192,0.6607729,3.8000000e-06,4.2000000e-06,3.8000000e-06
C29,0.9325807,0.448099,0.3291083,4.0000000e-06,3.5000000e-06,3.9000000e-06
C29,0.9025729,0.3975402,0.1023558,3.8000000e-06,2.8000000e-06,4.2000000e-06
C29,0.7700766,0.3023045,0.5148269,3.7000000e-06,2.2000000e-06,4.0000000e-06
C29,0.4994428,0.3710724,0.8382679,3.6000000e-06,2.8000000e-06,4.2000000e-06
C30,1.2462131,0.195021,0.0160555,4.6000000e-06,2.9000000e-06,7.0000000e-07
C30,1.0999939,0.2080641,0.3937821,4.5000000e-06,4.4000000e-06,3.1000000e-06
C30,0.9233282,0.1058806,0.7339221,4.8000000e-06,5.4270000e-04,3.7000000e-06
C30,0.7783146,0.1938725,0.9093367,5.4000000e-06,2.6000000e-06,4.0000000e-06
C30,0.6446952,0.4895284,0.7931146,5.8000000e-06,3.1000000e-06,3.9000000e-06
C30,0.568462,0.7716909,0.5389313,5.6000000e-06,3.4000000e-06,4.2000000e-06
C30,0.4717247,0.9090889,0.1714511,4.7000000e-06,3.5000000e-06,6.9000000e-06
C30,0.3512732,0.9510947,0.2638898,3.9000000e-06,3.8000000e-06,3.1000000e-06
C30,0.0730509,0.8110869,0.6312512,1.4000000e-06,3.8000000e-06,3.6000000e-06
C30,0.2869784,0.6751215,0.773769,1.5700000e-05,4.0000000e-06,3.5000000e-06
C30,0.6821337,0.60991,0.7773264,6.5000000e-06,4.5000000e-06,3.5000000e-06
C30,0.9193887,0.5229627,0.4638949,5.0000000e-06,4.1000000e-06,2.8000000e-06
C30,1.1638982,0.4977074,0.0605581,4.9000000e-06,3.8000000e-06,8.0000000e-07
C30,1.1240852,0.4914126,0.4181973,4.6000000e-06,3.8000000e-06,1.1500000e-05
C30,0.9111957,0.2847096,0.7582802,4.1000000e-06,2.9000000e-06,5.5000000e-06
C30,0.7652336,0.0224306,0.9826276,4.2000000e-06,6.0000000e-07,4.8000000e-06
C30,0.6403809,0.337966,0.9916924,4.1000000e-06,7.0000000e-06,4.4000000e-06
C30,0.5838911,0.6202826,0.7420147,4.0000000e-06,4.6000000e-06,3.8000000e-06
C30,0.6600567,0.8302596,0.3734532,4.3000000e-06,4.1000000e-06,3.2000000e-06
C30,0.7171821,0.7777927,0.0432011,4.5000000e-06,3.4000000e-06,3.5000000e-06
C30,0.6956551,0.6714181,0.4806886,4.8000000e-06,3.1000000e-06,5.0000000e-06
C30,0.3947131,0.5119714,0.8427477,4.2000000e-06,2.7000000e-06,4.7000000e-06
C30,0.0361032,0.4315753,0.9940915,2.9000000e-06,2.6000000e-06,4.4000000e-06
C30,0.2942909,0.4895544,1.0233898,3.7000000e-06,3.1000000e-06,4.7000000e-06
C32,0.5816672,0.7211369,0.9214793,4.7000000e-06,6.3000000e-06,4.1000000e-06
C32,0.5362693,0.9131396,0.6005442,4.8000000e-06,4.7000000e-06,3.6000000e-06
C32,0.6877782,1.0016133,0.1245972,5.9000000e-06,4.1000000e-06,1.8000000e-06
C32,0.7302004,0.9625967,0.4394589,6.3000000e-06,3.8000000e-06,1.0600000e-05
C32,0.5770572,0.7360381,0.8781349,6.4000000e-06,3.3000000e-06,6.1000000e-06
C32,0.2695584,0.4988128,1.2040049,9.4000000e-06,2.8000000e-06,5.7000000e-06
C32,0.2746011,0.346467,1.3086883,4.8000000e-06,2.4000000e-06,5.7000000e-06
C32,0.8337955,0.2708233,1.0075863,5.7000000e-06,2.0000000e-06,5.1000000e-06
C32,1.133293,0.295006,0.5713046,5.4000000e-06,2.1000000e-06,4.9000000e-06
C32,1.3270232,0.3970219,0.0843647,5.6000000e-06,2.7000000e-06,9.6000000e-06
C32,1.2316502,0.3627939,0.3827222,5.5000000e-06,2.7000000e-06,3.8000000e-06
C32,1.0496882,0.1752752,0.6512718,5.5000000e-06,2.1000000e-06,3.5000000e-06
C32,1.0015371,0.0688637,0.8480231,6.3000000e-06,2.9300000e-05,3.7000000e-06
C32,0.9591455,0.3170968,0.8684245,6.5000000e-06,3.5000000e-06,4.0000000e-06
C32,0.9123145,0.5649067,0.6302219,5.8000000e-06,3.3000000e-06,4.0000000e-06
C32,0.9286622,0.7570007,0.24413,5.4000000e-06,3.6000000e-06,4.2000000e-06
C32,0.9055263,0.8238355,0.268472,5.3000000e-06,3.9000000e-06,5.0000000e-06
C32,0.5967981,0.7482841,0.7661939,4.5000000e-06,3.9000000e-06,5.0000000e-06
C32,0.150526,0.7112365,1.0662783,2.5000000e-06,4.3000000e-06,4.9000000e-06
C32,0.3578546,0.7481067,1.0874136,1.1300000e-05,4.8000000e-06,4.7000000e-06
C32,0.7698079,0.7717225,0.7199191,6.5000000e-06,4.6000000e-06,3.8000000e-06
C32,1.0192777,0.8040305,0.25871,5.8000000e-06,4.2000000e-06,2.5000000e-06
C32,1.1064854,0.8256553,0.2464366,5.7000000e-06,4.1000000e-06,6.1700000e-05
C32,0.946247,0.6666586,0.7032326,5.2000000e-06,3.7000000e-06,6.3000000e-06
C33,0.3719329,1.0478759,0.5779665,3.4000000e-06,4.2000000e-06,8.7000000e-06
C33,0.31136,0.6830222,1.0023036,2.9000000e-06,3.4000000e-06,6.1000000e-06
C33,0.3227149,0.2315506,1.2590559,2.7000000e-06,1.9000000e-06,5.7000000e-06
C33,0.5760622,0.2307017,1.2150951,3.7000000e-06,6.8000000e-06,5.3000000e-06
C33,0.7824522,0.5155638,0.8943333,3.7000000e-06,1.5100000e-05,4.9000000e-06
C33,1.0172877,0.6855188,0.400163,4.0000000e-06,9.7000000e-06,4.3000000e-06
C33,1.1820351,0.6485092,0.0419197,4.4000000e-06,8.2000000e-06,2.4000000e-06
C33,1.0362829,0.60223,0.4637437,4.4000000e-06,7.6000000e-06,3.8000000e-06
C33,0.7591484,0.5961458,0.7230885,4.5000000e-06,6.5000000e-06,3.6000000e-06
C33,0.5556422,0.7122487,0.9394013,6.3000000e-06,5.6000000e-06,4.1000000e-06
C33,0.2648924,0.8468323,0.8794025,1.7400000e-05,4.6000000e-06,4.2000000e-06
C33,0.0219685,0.9700486,0.6163918,7.0000000e-07,4.0000000e-06,4.5000000e-06
C33,0.1184357,1.1540393,0.2150252,2.6000000e-06,4.2000000e-06,6.6000000e-06
C33,0.2012422,1.1281813,0.2852212,4.2000000e-06,4.3000000e-06,3.6000000e-06
C33,0.3084238,0.8429978,0.7417702,5.3000000e-06,4.0000000e-06,4.3000000e-06
C33,0.500594,0.5081725,1.0543617,5.4000000e-06,3.7000000e-06,4.7000000e-06
C33,0.7813723,0.1201157,1.0402123,5.1000000e-06,1.9000000e-06,4.6000000e-06
C33,1.0228633,0.1800362,0.7299944,4.7000000e-06,1.4200000e-05,4.2000000e-06
C33,1.2266014,0.3423117,0.2446279,4.6000000e-06,3.7600000e-05,3.0000000e-06
C33,1.2993158,0.362494,0.1987095,4.7000000e-06,2.6700000e-05,6.6000000e-06
C33,1.0861148,0.4212073,0.5875957,4.5000000e-06,1.9200000e-05,4.4000000e-06
C33,0.7804155,0.5858295,0.7921205,4.4000000e-06,1.1100000e-05,3.8000000e-06
C33,0.5382568,0.8378467,0.870536,5.0000000e-06,7.5000000e-06,3.8000000e-06
C33,0.3004839,1.0251179,0.6806169,5.5000000e-06,5.6000000e-06,3.4000000e-06
C34,1.0957258,0.1334074,0.2069622,4.1000000e-06,1.7000000e-06,2.2400000e-05
C34,1.0718498,0.2434947,0.2063925,4.3000000e-06,4.0000000e-06,1.8000000e-06
C34,0.9094926,0.2086938,0.6358278,4.5000000e-06,1.3500000e-05,3.3000000e-06
C34,0.7903976,0.0289793,0.8194787,5.2000000e-06,5.0000000e-07,3.6000000e-06
C34,0.6352598,0.4012864,0.8846521,5.3000000e-06,2.8000000e-06,4.3000000e-06
C34,0.5407471,0.7227751,0.6588175,4.9000000e-06,3.4000000e-06,4.7000000e-06
C34,0.5243383,1.0308199,0.2460307,4.8000000e-06,4.1000000e-06,6.1000000e-06
C34,0.4208573,1.0454156,0.2426466,4.1000000e-06,4.2000000e-06,3.5000000e-06
C34,0.1492746,0.9289007,0.6182134,2.3000000e-06,4.3000000e-06,3.8000000e-06
C34,0.1573716,0.7831196,0.8994386,8.8000000e-05,4.5000000e-06,4.1000000e-06
C34,0.5298904,0.5989807,0.8788246,6.0000000e-06,4.2000000e-06,4.0000000e-06
C34,0.8590586,0.4404703,0.5733974,5.0000000e-06,3.3000000e-06,3.3000000e-06
C34,1.1035548,0.3977606,0.2086092,4.9000000e-06,2.9000000e-06,2.4000000e-06
C34,1.0129724,0.3848116,0.212171,4.2000000e-06,2.8000000e-06,9.8000000e-06
C34,0.8993066,0.2686157,0.6064678,4.0000000e-06,2.4000000e-06,4.8000000e-06
C34,0.7480753,0.0103069,0.904716,4.0000000e-06,2.0000000e-07,4.5000000e-06
C34,0.5865431,0.2655264,0.9200939,3.7000000e-06,8.9000000e-06,4.0000000e-06
C34,0.609278,0.5753757,0.8069528,4.0000000e-06,4.8000000e-06,4.0000000e-06
C34,0.6527706,0.787417,0.4562756,4.1000000e-06,4.2000000e-06,3.5000000e-06
C34,0.6813534,0.8584135,0.0379307,4.1000000e-06,3.9000000e-06,1.4000000e-06
C34,0.6479677,0.7876065,0.5412502,4.2000000e-06,3.6000000e-06,6.7000000e-06
C34,0.4454461,0.617652,0.8569993,4.1000000e-06,3.2000000e-06,5.0000000e-06
C34,0.1265777,0.4815733,1.0838995,4.2000000e-06,2.9000000e-06,4.9000000e-06
C34,0.2810143,0.4195655,1.028244,4.5000000e-06,2.6000000e-06,4.7000000e-06
C35,0.2749339,0.5985051,1.1014045,5.1000000e-06,3.9000000e-06,4.8000000e-06
C35,0.0086909,0.6445516,1.0454827,3.0000000e-07,3.4000000e-06,5.2000000e-06
C35,0.0341554,0.8356858,0.866486,4.0000000e-07,3.6000000e-06,6.6000000e-06
C35,0.1713062,0.9380192,0.4710326,1.6000000e-06,3.7000000e-06,1.6200000e-05
C35,0.3050946,1.0053216,0.0104724,2.7000000e-06,4.1000000e-06,1.0000000e-07
C35,0.4548412,0.8309699,0.4229992,4.0000000e-06,4.4000000e-06,2.5000000e-06
C35,0.5803568,0.5725896,0.7415689,4.4000000e-06,5.2000000e-06,3.4000000e-06
C35,0.7181701,0.1389224,0.7226366,4.2000000e-06,5.5000000e-06,3.3000000e-06
C35,0.8648381,0.3586933,0.4721744,3.9000000e-06,9.3000000e-06,2.8000000e-06
C35,1.0502651,0.684828,0.1524724,4.1000000e-06,9.5000000e-06,2.0000000e-06
C35,1.1243376,0.7202627,0.2464879,4.2000000e-06,8.8000000e-06,7.5000000e-06
C35,0.8507753,0.618317,0.6212193,3.7000000e-06,7.3000000e-06,4.6000000e-06
C35,0.5352596,0.6384432,0.9058235,3.3000000e-06,6.3000000e-06,4.4000000e-06
C35,0.1508936,0.6941149,0.9495165,1.9000000e-06,4.9000000e-06,4.2000000e-06
C35,0.0023644,0.8783807,0.8094807,2.0000000e-07,4.5000000e-06,4.1000000e-06
C35,0.0592044,0.9770731,0.5032129,1.9000000e-06,3.9000000e-06,4.2000000e-06
C35,0.0348579,0.9895649,0.0161094,8.0000000e-07,3.6000000e-06,1.0000000e-06
C35,0.0807664,0.9138778,0.4779356,1.6000000e-06,3.5000000e-06,5.2000000e-06
C35,0.1454251,0.6605881,0.8181873,2.2000000e-06,3.2000000e-06,4.6000000e-06
C35,0.3115783,0.3708305,1.0099692,2.9000000e-06,2.9000000e-06,4.5000000e-06
C35,0.5666526,0.0605311,0.8643972,3.4000000e-06,1.0000000e-06,4.0000000e-06
C35,0.862872,0.356139,0.5468648,3.8000000e-06,3.1900000e-05,3.4000000e-06
C35,1.090253,0.4554034,0.1659998,4.0000000e-06,4.7600000e-05,2.6000000e-06
C35,1.2332842,0.3099272,0.1766933,4.5000000e-06,1.9000000e-05,3.9000000e-06
C36,0.7701081,0.6987887,0.6873382,1.0300000e-05,4.6000000e-06,3.1000000e-06
C36,0.9654919,0.5061367,0.5630447,6.5000000e-06,5.3000000e-06,2.6000000e-06
C36,1.0013865,0.4694336,0.3020563,4.6000000e-06,7.5000000e-06,1.9000000e-06
C36,1.078879,0.4705548,0.0035098,4.1000000e-06,9.2000000e-06,1.0000000e-07
C36,0.962102,0.4266706,0.3420894,3.5000000e-06,9.6000000e-06,8.0000000e-06
C36,0.8573785,0.2956628,0.6658297,3.6000000e-06,1.2600000e-05,4.7000000e-06
C36,0.6815984,0.1018527,0.9062171,3.7000000e-06,4.0000000e-06,4.4000000e-06
C36,0.4809346,0.2339064,0.9986519,3.7000000e-06,2.4000000e-06,4.4000000e-06
C36,0.2830184,0.6130926,0.8768721,2.9000000e-06,3.4000000e-06,4.6000000e-06
C36,0.1787913,0.9866313,0.5562428,2.1000000e-06,4.1000000e-06,5.0000000e-06
C36,0.0908025,1.094227,0.0331272,1.1000000e-06,4.1000000e-06,5.7000000e-06
C36,0.0064922,1.034005,0.4778929,1.0000000e-07,4.1000000e-06,4.7000000e-06
C36,0.2315311,0.783747,0.7752802,9.4000000e-06,3.8000000e-06,4.2000000e-06
C36,0.491263,0.5930352,0.889848,1.0800000e-05,3.7000000e-06,4.0000000e-06
C36,0.6511604,0.4534461,0.7889595,5.0000000e-06,3.6000000e-06,3.7000000e-06
C36,0.8146315,0.4368429,0.532559,4.0000000e-06,3.9000000e-06,3.5000000e-06
C36,0.8698135,0.5263891,0.2363616,3.5000000e-06,4.6000000e-06,4.3000000e-06
C36,0.940475,0.6762408,0.0644088,3.7000000e-06,6.3000000e-06,1.2000000e-06
C36,0.8135414,0.6664334,0.4161798,3.7000000e-06,8.9000000e-06,2.8000000e-06
C36,0.6953076,0.4947563,0.783981,3.9000000e-06,4.6000000e-05,3.7000000e-06
C36,0.6097203,0.1357249,0.9776996,4.1000000e-06,1.8000000e-06,4.4000000e-06
C36,0.5119689,0.3290277,0.898839,3.8000000e-06,2.1000000e-06,4.9000000e-06
C36,0.4717955,0.8197113,0.6132876,3.4000000e-06,3.7000000e-06,6.1000000e-06
C36,0.3365242,1.0315379,0.0994406,2.4000000e-06,4.3000000e-06,1.4800000e-05
C37,0.8998371,0.552901,0.1483389,4.2000000e-06,3.2000000e-06,4.1000000e-06
C37,0.892828,0.6771703,0.2326308,4.4000000e-06,3.9000000e-06,3.2000000e-06
C37,0.7503019,0.575397,0.5778745,4.8000000e-06,3.5000000e-06,3.5000000e-06
C37,0.4324749,0.5753638,0.8488706,5.7000000e-06,3.7000000e-06,3.9000000e-06
C37,0.0036981,0.6555343,0.8897981,2.0000000e-07,3.9000000e-06,4.0000000e-06
C37,0.3967141,0.7200895,0.6756335,4.3000000e-06,3.6000000e-06,3.9000000e-06
C37,0.7606022,0.8253769,0.2660991,5.5000000e-06,3.6000000e-06,3.2000000e-06
C37,0.8537915,0.7093199,0.2691351,5.7000000e-06,3.0000000e-06,1.0700000e-05
C37,0.8276589,0.4637449,0.6646148,5.7000000e-06,2.3000000e-06,5.2000000e-06
C37,0.8202589,0.1447148,0.8465812,5.8000000e-06,1.1000000e-06,4.2000000e-06
C37,0.8478941,0.1504284,0.8895632,5.4000000e-06,3.4000000e-06,3.9000000e-06
C37,0.8320957,0.3685781,0.6986641,4.3000000e-06,9.5000000e-06,3.5000000e-06
C37,0.9292081,0.4932657,0.44603,4.0000000e-06,5.2000000e-06,3.5000000e-06
C37,0.9839614,0.4332603,0.1267783,3.9000000e-06,3.6000000e-06,5.4000000e-06
C37,1.0820608,0.3470741,0.2407721,4.6000000e-06,2.9000000e-06,2.8000000e-06
C37,0.9407659,0.2085573,0.622572,5.2000000e-06,1.7000000e-06,3.6000000e-06
C37,0.6428168,0.2048506,0.9659459,6.3000000e-06,1.5000000e-06,4.4000000e-06
C37,0.2403829,0.3186692,1.0941882,1.4100000e-05,1.8000000e-06,5.0000000e-06
C37,0.1613579,0.5331834,0.9874304,3.4000000e-06,2.4000000e-06,6.0000000e-06
C37,0.5280072,0.8829119,0.6419328,6.5000000e-06,3.4000000e-06,9.0000000e-06
C37,0.6553224,0.9079047,0.0962072,7.2000000e-06,3.5000000e-06,2.6000000e-06
C37,0.706494,0.8255873,0.3416189,7.5000000e-06,3.7000000e-06,2.5000000e-06
C37,0.8599323,0.5683991,0.6172305,7.8000000e-06,3.7000000e-06,3.0000000e-06
C37,0.9808213,0.3191684,0.7019839,6.6000000e-06,4.5000000e-06,3.1000000e-06
C38,0.0832032,0.6419069,1.4753099,1.3000000e-06,2.1000000e-06,5.3000000e-06
C38,0.1565417,0.4485848,1.5764549,2.5000000e-06,1.7000000e-06,4.8000000e-06
C38,0.3382895,0.3045851,1.6402008,3.9000000e-06,1.4000000e-06,4.6000000e-06
C38,0.6551468,0.3503738,1.5542371,5.0000000e-06,1.9000000e-06,4.4000000e-06
C38,1.0015575,0.4610822,1.3690156,5.5000000e-06,2.5000000e-06,4.1000000e-06
C38,1.1860614,0.7109739,1.042495,5.2000000e-06,3.4000000e-06,3.6000000e-06
C38,1.133929,1.0422382,0.6889333,4.4000000e-06,4.1000000e-06,3.1000000e-06
C38,0.9953194,1.2467923,0.3263324,3.9000000e-06,4.1000000e-06,2.3000000e-06
C38,0.8800453,1.3200536,0.0369056,3.8000000e-06,3.8000000e-06,7.0000000e-07
C38,0.7304033,1.319445,0.4323261,3.9000000e-06,3.5000000e-06,1.0500000e-05
C38,0.6137809,1.2720917,0.7498398,4.5000000e-06,3.4000000e-06,5.7000000e-06
C38,0.5135957,1.1738874,1.0403056,5.6000000e-06,3.3000000e-06,4.9000000e-06
C38,0.5149506,0.9643446,1.2851113,8.0000000e-06,3.1000000e-06,4.6000000e-06
C38,0.5429413,0.7886418,1.4168036,8.7000000e-06,3.1000000e-06,4.3000000e-06
C38,0.7276458,0.5793673,1.4274186,8.4000000e-06,2.7000000e-06,4.0000000e-06
C38,0.8745826,0.5382703,1.3607275,6.7000000e-06,2.9000000e-06,3.8000000e-06
C38,1.1490626,0.5932709,1.1443677,6.3000000e-06,3.2000000e-06,3.4000000e-06
C38,1.281507,0.8017427,0.8872986,5.7000000e-06,3.8000000e-06,3.1000000e-06
C38,1.2899118,1.0760896,0.4904931,5.1000000e-06,4.2000000e-06,2.2000000e-06
C38,1.1535383,1.336101,0.0795879,4.5000000e-06,4.4000000e-06,6.0000000e-07
C38,0.8938055,1.4861794,0.3275379,3.9000000e-06,4.3000000e-06,6.4000000e-06
C38,0.6116942,1.5049611,0.8044399,3.3000000e-06,4.0000000e-06,1.9000000e-05
C38,0.3049107,1.3249481,1.2458023,2.3000000e-06,3.5000000e-06,9.4000000e-06
C38,0.1655408,0.9790292,1.5878377,1.8000000e-06,2.8000000e-06,7.4000000e-06
C39,0.7992924,0.9460243,0.848968,4.9000000e-06,4.6000000e-06,2.6000000e-06
C39,0.9744275,0.9715303,0.7005914,4.7000000e-06,4.3000000e-06,2.4000000e-06
C39,0.949872,1.1985488,0.5089318,4.0000000e-06,4.6000000e-06,2.2000000e-06
C39,1.0150683,1.3707511,0.3024593,4.2000000e-06,4.4000000e-06,1.9000000e-06
C39,0.8050123,1.5275462,0.0561858,3.7000000e-06,4.4000000e-06,8.0000000e-07
C39,0.66607,1.5736455,0.0227904,3.6000000e-06,4.2000000e-06,1.1000000e-06
C39,0.7396541,1.5704643,0.2826584,5.4000000e-06,4.1000000e-06,2.6000000e-06
C39,0.5901053,1.3952025,0.6263752,6.3000000e-06,3.9000000e-06,3.3000000e-06
C39,0.4896289,1.1674192,0.8508429,7.2000000e-06,3.6000000e-06,3.3000000e-06
C39,0.4851235,0.9632303,1.0470874,7.5000000e-06,3.5000000e-06,3.4000000e-06
C39,0.5703154,0.7199919,1.2260924,6.7000000e-06,3.1000000e-06,3.6000000e-06
C39,0.6608843,0.6448783,1.2837315,5.3000000e-06,3.1000000e-06,3.7000000e-06
C39,0.801959,0.5717221,1.2433413,4.7000000e-06,2.8000000e-06,3.8000000e-06
C39,0.9291671,0.5978752,1.157537,4.4000000e-06,2.7000000e-06,4.0000000e-06
C39,0.9064956,0.7070749,1.0509089,3.8000000e-06,2.7000000e-06,4.6000000e-06
C39,0.9919568,0.8576196,0.8602887,4.1000000e-06,2.8000000e-06,5.7000000e-06
C39,0.923121,1.0962764,0.671774,4.2000000e-06,3.1000000e-06,1.0300000e-05
C39,0.9581706,1.1461441,0.5393653,5.2000000e-06,3.0000000e-06,2.1500000e-05
C39,1.1349929,1.3363725,0.2249773,8.4000000e-06,3.5000000e-06,2.0000000e-06
C39,0.9663312,1.4949689,0.1358142,1.0400000e-05,4.1000000e-06,7.0000000e-07
C39,0.6595321,1.6175294,0.4560497,1.0100000e-05,5.0000000e-06,1.7000000e-06
C39,0.5096869,1.6276318,0.7348495,8.3000000e-06,5.8000000e-06,2.4000000e-06
C39,0.4455162,1.482062,1.0050337,5.5000000e-06,6.3000000e-06,3.0000000e-06
C39,0.5212654,1.1802767,0.9938402,4.3000000e-06,5.6000000e-06,2.9000000e-06
C40,0.974715,1.0625585,1.0197846,4.0000000e-06,3.1000000e-06,1.4200000e-05
C40,1.0632948,1.3643674,0.5698844,5.2000000e-06,3.7000000e-06,3.0500000e-05
C40,0.6883961,1.6128814,0.2182783,4.4000000e-06,4.3000000e-06,2.0000000e-06
C40,0.5582622,1.5627317,0.2202991,5.0000000e-06,4.3000000e-06,1.2000000e-06
C40,0.340382,1.5073877,0.6016185,4.3000000e-06,4.6000000e-06,2.3000000e-06
C40,0.2832915,1.2794235,0.9001628,3.9000000e-06,4.6000000e-06,2.9000000e-06
C40,0.1704424,1.0249287,1.0471455,1.9000000e-06,4.4000000e-06,3.1000000e-06
C40,0.2694138,0.8563673,1.1770995,2.1000000e-06,4.2000000e-06,3.4000000e-06
C40,0.5198785,0.7118312,1.2581391,3.0000000e-06,3.6000000e-06,3.8000000e-06
C40,0.7118717,0.6899249,1.1884207,3.3000000e-06,3.3000000e-06,4.1000000e-06
C40,0.8533218,0.8189718,1.0297395,3.5000000e-06,3.3000000e-06,4.4000000e-06
C40,0.9760182,1.0359766,0.6899623,3.8000000e-06,3.5000000e-06,4.4000000e-06
C40,0.9082113,1.2736467,0.3956853,3.8000000e-06,3.8000000e-06,5.7000000e-06
C40,0.6955577,1.4367002,0.0018867,3.5000000e-06,3.9000000e-06,1.0000000e-07
C40,0.3708155,1.4359627,0.4039701,2.4000000e-06,3.8000000e-06,3.6000000e-06
C40,0.0385885,1.3466431,0.7096797,3.0000000e-07,3.8000000e-06,3.7000000e-06
C40,0.1972582,1.1506496,1.0358371,2.4000000e-06,3.6000000e-06,4.0000000e-06
C40,0.2776638,0.9514033,1.3060856,3.6000000e-06,3.5000000e-06,4.2000000e-06
C40,0.2550513,0.6809797,1.4104886,2.7000000e-06,3.0000000e-06,4.1000000e-06
C40,0.0418768,0.4122474,1.5154388,3.0000000e-07,2.1000000e-06,4.4000000e-06
C40,0.3517632,0.2997444,1.5213523,1.9000000e-06,1.5000000e-06,4.6000000e-06
C40,0.5667281,0.3093347,1.3950437,2.5000000e-06,1.5000000e-06,4.8000000e-06
C40,0.742804,0.4160726,1.3378035,2.9000000e-06,1.7000000e-06,5.9000000e-06
C40,0.9016596,0.6848544,1.2077101,3.5000000e-06,2.3000000e-06,8.0000000e-06
C41,0.0549494,0.7927852,0.101617,1.4300000e-05,3.1000000e-06,1.0000000e-06
C41,0.0776949,0.8061912,0.2466764,3.5200000e-05,2.9000000e-06,3.8400000e-05
C41,0.1742047,0.6234381,0.6156726,1.9100000e-05,2.4000000e-06,5.4000000e-06
C41,0.0938342,0.3275143,0.8456123,2.6000000e-06,1.7000000e-06,4.3000000e-06
C41,0.230172,0.0410501,0.9740137,2.5000000e-06,3.0000000e-07,4.2000000e-06
C41,0.5272277,0.2018919,0.8083421,3.2000000e-06,2.8000000e-06,3.8000000e-06
C41,0.7062435,0.3026848,0.4909176,3.0000000e-06,7.3000000e-06,3.4000000e-06
C41,0.8900227,0.231865,0.1835527,3.3000000e-06,6.9000000e-06,4.1000000e-06
C41,0.9290373,0.1695118,0.114331,3.4000000e-06,5.8000000e-06,1.7000000e-06
C41,0.7384517,0.164129,0.3330044,3.3000000e-06,2.1900000e-05,2.0000000e-06
C41,0.5945908,0.2761432,0.5062638,3.6000000e-06,6.3000000e-06,2.3000000e-06
C41,0.5309007,0.310002,0.5090477,4.9000000e-06,2.6000000e-06,2.2000000e-06
C41,0.4382107,0.4628228,0.5373824,5.8000000e-06,2.3000000e-06,3.0000000e-06
C41,0.3398171,0.6285826,0.2924937,5.2000000e-06,2.5000000e-06,3.2000000e-06
C41,0.2430005,0.7452141,0.0269984,3.8000000e-06,2.8000000e-06,1.4000000e-06
C41,0.1474645,0.6828346,0.3828503,3.0000000e-06,2.8000000e-06,3.1000000e-06
C41,0.0899968,0.500824,0.6677555,1.8900000e-05,2.6000000e-06,3.3000000e-06
C41,0.3721219,0.3802966,0.7650024,5.4000000e-06,2.7000000e-06,3.3000000e-06
C41,0.6554874,0.2156688,0.6056152,4.3000000e-06,2.0000000e-06,2.9000000e-06
C41,0.8541328,0.1117587,0.2426609,3.8000000e-06,1.2000000e-06,1.8000000e-06
C41,0.9538614,0.0844729,0.0901114,3.7000000e-06,9.0000000e-07,2.8000000e-06
C41,0.8783724,0.0687927,0.3694493,3.5000000e-06,8.0000000e-07,4.7000000e-06
C41,0.6208603,0.1256695,0.546043,2.9000000e-06,2.3000000e-06,3.2000000e-06
C41,0.4806322,0.4003839,0.6048941,2.9000000e-06,3.2100000e-05,2.7000000e-06
C42,0.2975981,0.0919915,0.8426352,1.8000000e-06,1.1000000e-06,4.1000000e-06
C42,0.2503532,0.2874208,0.9258406,1.6000000e-06,6.2800000e-05,4.0000000e-06
C42,0.2920153,0.5674071,0.6747856,1.7000000e-06,6.0000000e-06,3.3000000e-06
C42,0.3599054,0.7432354,0.3331491,1.9000000e-06,4.7000000e-06,2.6000000e-06
C42,0.5211354,0.7773108,0.0276821,2.5000000e-06,4.2000000e-06,1.3000000e-06
C42,0.5115615,0.656548,0.2708321,2.6000000e-06,3.7000000e-06,3.0000000e-06
C42,0.3488446,0.5016205,0.4415063,2.5000000e-06,3.1000000e-06,2.5000000e-06
C42,0.1907208,0.5254982,0.6022729,3.3000000e-06,3.5000000e-06,2.7000000e-06
C42,0.0313112,0.6041492,0.6476292,9.0000000e-07,3.7000000e-06,2.9000000e-06
C42,0.1009303,0.6440892,0.5155272,9.0000000e-07,3.3000000e-06,3.1000000e-06
C42,0.3238894,0.6902998,0.2473165,2.1000000e-06,3.1000000e-06,3.6000000e-06
C42,0.4330508,0.7185179,0.0750079,2.7000000e-06,3.2000000e-06,1.8000000e-06
C42,0.4516643,0.524541,0.4229777,3.1000000e-06,2.8000000e-06,2.9000000e-06
C42,0.4561207,0.2900798,0.6712104,3.2000000e-06,2.5000000e-06,3.2000000e-06
C42,0.535541,0.043346,0.7708058,3.5000000e-06,1.9000000e-06,3.3000000e-06
C42,0.5508508,0.3721475,0.5901602,2.9000000e-06,6.2000000e-06,3.0000000e-06
C42,0.5736796,0.602174,0.2860753,2.5000000e-06,5.4000000e-06,2.5000000e-06
C42,0.6536681,0.6792248,0.0036263,2.6000000e-06,5.2000000e-06,4.0000000e-07
C42,0.5492127,0.6896495,0.2878916,2.4000000e-06,5.5000000e-06,2.9000000e-06
C42,0.3168554,0.677357,0.4164801,1.9000000e-06,5.6000000e-06,2.2000000e-06
C42,0.1744805,0.7816679,0.4760649,2.1000000e-06,5.7000000e-06,2.1000000e-06
C42,0.0226793,0.8771004,0.4218077,4.8000000e-06,5.0000000e-06,1.9000000e-06
C42,0.0764358,0.8643717,0.1793972,1.1000000e-06,3.9000000e-06,1.2000000e-06
C42,0.1687638,0.8674523,0.1704375,1.8000000e-06,3.4000000e-06,3.0000000e-06
C43,0.6926921,0.3713427,0.8050654,3.9000000e-06,2.3000000e-06,5.6000000e-06
C43,0.8819341,0.4610096,0.4839866,4.1000000e-06,2.6000000e-06,1.0900000e-05
C43,0.9068564,0.6740866,0.0390035,4.2000000e-06,4.1000000e-06,6.0000000e-07
C43,0.8059968,0.5871084,0.4051717,4.2000000e-06,4.7000000e-06,2.5000000e-06
C43,0.821176,0.3983352,0.7773111,4.8000000e-06,8.1000000e-06,3.6000000e-06
C43,0.7542801,0.0148973,0.9155012,4.6000000e-06,3.0000000e-07,4.1000000e-06
C43,0.7329896,0.361351,0.7835366,4.2000000e-06,2.9000000e-06,4.4000000e-06
C43,0.8143129,0.7402148,0.4401617,4.2000000e-06,4.1000000e-06,4.8000000e-06
C43,0.8081033,0.907345,0.0973817,4.1000000e-06,4.6000000e-06,5.9000000e-06
C43,0.6026348,0.8414887,0.5489578,3.5000000e-06,4.6000000e-06,4.6000000e-06
C43,0.294611,0.7773641,0.8354366,2.8000000e-06,4.7000000e-06,4.3000000e-06
C43,0.127014,0.713061,0.9701381,7.2000000e-06,4.4000000e-06,4.3000000e-06
C43,0.5113575,0.6835571,0.7371953,7.2000000e-06,3.9000000e-06,3.6000000e-06
C43,0.7399809,0.6992535,0.41033,5.4000000e-06,3.4000000e-06,3.1000000e-06
C43,0.8285876,0.6760451,0.0646057,4.9000000e-06,3.1000000e-06,2.0000000e-06
C43,0.7591231,0.6870935,0.4285997,4.5000000e-06,3.3000000e-06,5.6000000e-06
C43,0.6110695,0.421981,0.7553947,3.9000000e-06,2.6000000e-06,4.5000000e-06
C43,0.6386717,0.0945325,1.005225,4.2000000e-06,1.2000000e-06,4.6000000e-06
C43,0.6575095,0.2335037,0.9725422,3.9000000e-06,1.8800000e-05,4.4000000e-06
C43,0.7533246,0.4982822,0.6714601,3.7000000e-06,5.7000000e-06,3.9000000e-06
C43,0.9744905,0.6658305,0.2848036,4.2000000e-06,5.1000000e-06,3.6000000e-06
C43,1.0292187,0.6185744,0.2390206,4.3000000e-06,4.3000000e-06,8.3000000e-06
C43,0.8390425,0.4790706,0.628447,4.1000000e-06,3.5000000e-06,4.8000000e-06
C43,0.5765403,0.4244979,0.9381665,4.3000000e-06,3.1000000e-06,4.6000000e-06
C44,0.8728509,0.1845941,0.4858672,4.1000000e-06,3.0000000e-06,2.9000000e-06
C44,0.7255999,0.3013301,0.8594262,5.2000000e-06,3.1000000e-06,3.9000000e-06
C44,0.4973051,0.4807588,0.9647314,7.1000000e-06,3.1000000e-06,4.4000000e-06
C44,0.2535451,0.7810219,0.796111,1.2400000e-05,3.5000000e-06,4.7000000e-06
C44,0.0678053,1.130784,0.5213777,2.8100000e-05,4.2000000e-06,6.8000000e-06
C44,0.0260038,1.2943697,0.0100191,2.6000000e-06,4.7000000e-06,3.0000000e-07
C44,0.146283,1.1225952,0.4113254,6.4000000e-06,4.6000000e-06,3.1000000e-06
C44,0.3179247,0.8999231,0.7496643,5.6000000e-06,5.0000000e-06,3.7000000e-06
C44,0.6002324,0.5444252,0.8598988,5.2000000e-06,4.8000000e-06,3.8000000e-06
C44,0.8178856,0.2463639,0.6490018,4.3000000e-06,4.0000000e-06,3.3000000e-06
C44,0.9932135,0.0475051,0.354316,4.0000000e-06,1.4000000e-06,2.9000000e-06
C44,1.0023015,0.0632808,0.0498296,3.6000000e-06,2.4000000e-06,3.0000000e-06
C44,0.9199928,0.0935198,0.4414758,3.5000000e-06,5.7000000e-06,4.8000000e-06
C44,0.6669259,0.2773895,0.7859925,3.1000000e-06,2.2000000e-05,4.4000000e-06
C44,0.4491635,0.4262805,0.8674491,2.9000000e-06,6.2000000e-06,3.9000000e-06
C44,0.3121436,0.7356582,0.8675332,3.1000000e-06,5.1000000e-06,4.0000000e-06
C44,0.2130524,0.9856374,0.5466183,3.0000000e-06,4.5000000e-06,3.4000000e-06
C44,0.206059,1.2308771,0.1127023,3.4000000e-06,4.7000000e-06,1.7000000e-06
C44,0.2618302,1.1988151,0.4101346,4.7000000e-06,4.4000000e-06,9.2000000e-06
C44,0.1825858,0.9124935,0.7683102,5.6000000e-06,3.9000000e-06,5.4000000e-06
C44,0.0216577,0.6097912,1.0465234,1.1000000e-06,3.3000000e-06,5.0000000e-06
C44,0.3461846,0.3390428,1.1022714,3.6000000e-06,2.5000000e-06,4.9000000e-06
C44,0.6169407,0.2025187,0.8689584,3.5000000e-06,2.0000000e-06,4.6000000e-06
C44,0.8783365,0.1884215,0.596447,3.7000000e-06,2.0000000e-06,5.4000000e-06
C45,0.0309972,1.1510579,0.5452729,3.0000000e-07,5.1000000e-06,4.1000000e-06
C45,0.3481965,1.0348012,0.8060477,1.0700000e-05,5.5000000e-06,3.9000000e-06
C45,0.5777883,0.9711349,0.7935928,1.1200000e-05,6.3000000e-06,3.5000000e-06
C45,0.8484912,0.9485027,0.5083978,6.1000000e-06,6.7000000e-06,2.6000000e-06
C45,0.9715955,0.9775022,0.1293236,4.7000000e-06,6.7000000e-06,1.1000000e-06
C45,0.86578,0.941598,0.2509523,3.7000000e-06,6.2000000e-06,1.6100000e-05
C45,0.8028552,0.8208587,0.6162819,3.6000000e-06,6.0000000e-06,6.7000000e-06
C45,0.627672,0.5317384,0.9108621,3.2000000e-06,6.1000000e-06,5.1000000e-06
C45,0.5205397,0.1111599,1.1043061,3.1000000e-06,1.3600000e-05,4.9000000e-06
C45,0.4212601,0.3270249,1.0793085,2.7000000e-06,3.9000000e-06,5.0000000e-06
C45,0.3704343,0.7211328,0.8511603,2.3000000e-06,4.5000000e-06,5.4000000e-06
C45,0.406538,1.0586881,0.3739404,2.3000000e-06,5.1000000e-06,5.8000000e-06
C45,0.4553927,1.0939304,0.1420083,2.6000000e-06,5.1000000e-06,3.1000000e-06
C45,0.3381565,1.0013891,0.6296753,2.5000000e-06,5.1000000e-06,4.4000000e-06
C45,0.047819,0.8587713,0.9079793,7.0000000e-07,5.0000000e-06,4.3000000e-06
C45,0.2469267,0.789981,0.9568558,1.0300000e-05,4.9000000e-06,4.2000000e-06
C45,0.5126542,0.8339475,0.7599073,4.6000000e-06,4.8000000e-06,4.0000000e-06
C45,0.6630799,0.9910755,0.4593125,3.9000000e-06,5.1000000e-06,4.2000000e-06
C45,0.6249455,1.0588625,0.1355716,3.2000000e-06,5.2000000e-06,4.3700000e-05
C45,0.6637652,1.0429089,0.2652519,3.6000000e-06,5.7000000e-06,2.6000000e-06
C45,0.6108881,0.8099281,0.6332843,3.6000000e-06,6.6000000e-06,3.4000000e-06
C45,0.6277374,0.5159217,0.9073282,3.9000000e-06,1.3800000e-05,4.0000000e-06
C45,0.6675256,0.0290884,0.9386929,3.8000000e-06,5.0000000e-07,4.4000000e-06
C45,0.6871137,0.4621247,0.7521218,3.4000000e-06,3.7000000e-06,5.0000000e-06
