三、  结果

PDOP     TDOP     HDOP     VDOP     GDOP    
--------------------------------------------------
1.9364   1.1655   1.6052   1.0789   2.2601  
1.3900   0.6092   0.8639   1.2929   1.5177  
2.5028   0.9957   0.8226   1.3759   2.6936  
3.0811   0.6486   1.0000   0.7467   3.1486  
1.7606   0.8673   1.2751   0.8330   1.9626  
2.5296   0.5976   1.1214   0.8931   2.5993  
2.1402   1.0496   1.0196   1.0114   2.3837  
2.4810   0.5325   1.4683   0.7364   2.5375  
1.1626   1.1642   1.8622   1.2467   1.6453  
1.7615   0.5684   1.5527   0.9521   1.8510  
1.3051   0.8466   0.8378   1.3275   1.5556  
1.6469   0.9638   1.1429   1.0161   1.9082  
2.3668   0.6294   1.8665   1.2201   2.4490  
3.3487   1.1264   1.4577   1.3375   3.5331  
1.2212   0.6372   0.8498   0.8603   1.3775  
1.9717   0.6899   1.7116   0.8854   2.0889  
1.7023   0.8799   0.9550   1.2418   1.9163  
1.1864   1.1908   1.6495   0.7590   1.6809  
1.0138   1.0708   1.5775   1.1832   1.4746  
2.9282   0.5518   1.1943   0.6927   2.9797  
3.1578   0.9363   1.1640   0.6508   3.2936  
1.7775   0.7276   1.6026   1.1100   1.9206  
3.2180   0.8306   0.9316   1.1706   3.3235  
2.9020   0.8929   1.6481   0.9950   3.0362  

平差后的测站坐标:
    1.0e+06 *

1.1778   0.8923   6.1500      2.3315   0.2208   2.5475      2.3551   1.4648   1.5344  
4.9648   0.9155   0.5421      2.1983   3.0850   2.2339      1.2902   7.4221   2.7908  
1.2419   0.8109   2.4380      1.2520   3.8327   1.0435      0.4603   1.1258   4.0247  
1.5593   1.6871   4.4145      2.4842   3.3857   2.8424      0.8475   2.4336   1.0125  
2.1042   0.2572   5.2602      0.8483   5.1496   5.9332      0.1714   4.6570   2.9505  
5.5009   0.5863   0.5559      3.0476   0.8968   4.0971      6.1029   1.6618   1.8659  
1.1421   3.3110   2.4224      5.0181   4.7334   0.3941      0.0926   1.2431   4.4901  
0.5784   6.3464   1.2900      4.0768   8.2529   0.5206      6.7771   7.4562   1.6175  
