C01,-34327181.97288551,24450518.151782148,-424050.9076428979
C01,-34324916.539620176,24442689.016760834,-787054.0327760155
C01,-34324490.81596746,24431898.29520732,-1096343.3420980603
C01,-34327157.49822978,24419522.528590854,-1330693.9109547446
C01,-34333491.13148784,24407585.81750072,-1474025.7554622
C01,-34343144.668439515,24398306.25655962,-1516511.0872239408
C01,-34354846.622850575,24393572.669949044,-1455246.4607159526
C01,-34366648.11140939,24394480.772407275,-1294445.870234103
C01,-34376362.01406656,24401051.956743125,-1045143.4295765855
C01,-34382081.72534049,24412209.33068102,-724429.5166498615
C01,-34382645.571159646,24426020.29459537,-354274.2827532316
C01,-34377924.20864404,24440145.23684214,39979.4357469004
C01,-34368855.1497392,24452375.808972716,431349.3163352954
C01,-34357212.64588849,24461125.466500133,793055.9510248223
C01,-34345174.24781709,24465746.761699,1100349.522506328
C01,-34334796.36602656,24466595.293882664,1332197.8815404188
C01,-34327536.14400505,24464830.911603887,1472721.3977094928
C01,-34323945.434595585,24462014.304851737,1512278.4068457482
C01,-34323612.76993867,24459614.707503777,1448127.2077185542
C01,-34325365.03795373,24458565.86168994,1284619.0481729505
C01,-34327669.07980605,24458993.744152002,1032907.83508027
C01,-34329116.09728926,24460196.27601924,710195.7771089842
C01,-34328857.2335264,24460873.55205198,338562.6583989626
C01,-34326862.7695836,24459551.23529307,-56540.655035740914
C02,4385937.683567164,41939395.42664654,1731860.062927824
C02,4408895.579158893,41948519.77116831,1271988.480526693
C02,4435815.317267322,41951348.66856438,725156.9912095431
C02,4462491.325258496,41945399.871763796,128704.4442145635
C02,4483919.227571288,41930283.22617082,-476594.2143759326
C02,4495499.022416968,41907942.09592607,-1049298.5463471978
C02,4494196.813998354,41882275.31670278,-1550134.2013388271
C02,4479359.442720458,41858233.283787675,-1944694.1511254767
C02,4452963.145992489,41840620.46951581,-2205821.003316926
C02,4419226.674985859,41832915.537908755,-2315499.1759267845
C02,4383678.821488652,41836419.732150026,-2266120.078129489
C02,4351918.440327235,41849955.357248284,-2061024.4470579133
C02,4328380.6504334975,41870196.32072581,-1714280.9139296042
C02,4315425.390225558,41892540.65030765,-1249714.0601603298
C02,4312974.551924307,41912292.53998139,-699250.9184736364
C02,4318779.380558218,41925839.171922944,-100705.30305937176
C02,4329230.229888921,41931509.37269224,504841.0785634717
C02,4340474.600294344,41929889.82952841,1075874.087167953
C02,4349533.368070447,41923522.633531936,1573299.9551382174
C02,4355107.5000393,41916075.05801379,1963116.472017245
C02,4357856.660337626,41911216.48546503,2218721.5235187835
C02,4360078.666611064,41911514.204969004,2322706.373812093
C02,4364888.603449909,41917654.0019401,2268017.7249709074
C02,4375129.2276415,41928200.953551516,2058418.796872886
C03,-14856698.387223346,39498601.71349174,270885.8878313299
C03,-14832856.293580895,39505897.23811622,-101427.52984010619
C03,-14809281.62487509,39507205.51917792,-466962.51816595107
C03,-14788811.493141856,39502579.77967324,-800731.0950451032
C03,-14773826.043558156,39493086.33379565,-1079888.206926159
C03,-14765822.560860636,39480529.79660798,-1285291.9668650778
C03,-14765185.933072597,39467020.576944396,-1402818.8449364342
C03,-14771205.671774244,39454495.67498873,-1424343.6404996677
C03,-14782324.53205931,39444315.70990807,-1348312.8581543528
C03,-14796548.556499287,39437036.065614276,-1179869.449978835
C03,-14811914.71080266,39432404.916778415,-930514.1051051466
C03,-14826889.917803876,39429580.81401817,-617324.8123053714
C03,-14840608.757864298,39427500.37958583,-261785.36572887405
C03,-14852890.531024387,39425291.22204744,111695.9939766884
C03,-14864049.650886059,39422607.32045708,477474.04518356756
C03,-14874560.388097474,39419790.73678797,810440.8140851831
C03,-14884688.813712204,39417809.4321347,1087759.9051875034
C03,-14894202.942824595,39417985.15954142,1290438.3224868139
C03,-14902258.09144292,39421584.956815206,1404626.4045197018
C03,-14907503.218354262,39429389.044552155,1422555.4455416522
C03,-14908383.421659652,39441360.27066949,1343053.4102886962
C03,-14903567.983358247,39456510.498696335,1171607.059918748
C03,-14892382.674549017,39473012.86988638,919971.7427944369
C03,-14875127.85319449,39488538.95773014,605360.3098178261
C04,-39579700.08914408,14396813.42292612,-1047663.7521235021
C04,-39580236.59294627,14378925.19445968,-1384565.538089751
C04,-39584617.93829601,14360181.623980405,-1626703.8455761494
C04,-39593790.42714277,14343356.62870941,-1757488.9724893253
C04,-39607474.01553836,14331513.305732733,-1767995.7146849344
C04,-39624087.91804369,14327279.18720442,-1657563.1677000334
C04,-39641029.708639964,14332181.915583137,-1433819.509171009
C04,-39655246.16035976,14346211.353029327,-1112139.2495820364
C04,-39663950.34859299,14367732.967614878,-714574.1993036559
C04,-39665300.528318435,14393779.613662258,-268337.10872409627
C04,-39658862.82506452,14420656.016510462,196057.83506092252
C04,-39645734.99562417,14444707.279797452,646871.4270889758
C04,-39628295.81551528,14463060.403463105,1053294.327142291
C04,-39609645.49529606,14474156.426459474,1387538.3479077064
C04,-39592879.18722133,14477944.289234584,1626725.4117365459
C04,-39580383.05623292,14475700.199442897,1754449.033272353
C04,-39573333.73963511,14469529.590692926,1761901.9062420013
C04,-39571526.48261678,14461701.792377247,1648491.8652384372
C04,-39573571.81019164,14453992.861604534,1421901.146931717
C04,-39577396.528682806,14447230.385519283,1097579.6907624775
C04,-39580907.244951576,14441155.127096301,697703.8072416105
C04,-39582630.83172942,14434630.62266219,249665.64300689028
C04,-39582149.054498084,14426145.987210596,-215804.73883636002
C04,-39580208.41586426,14414449.993382793,-666754.8685355723
C05,21880687.602753665,36049524.31462994,1572232.9223427912
C05,21887560.84137075,36039707.41627347,1337429.0620910362
C05,21891869.308062654,36030724.29673159,1011254.9089172884
C05,21892230.281892188,36021741.48214395,615937.0257575916
C05,21886951.65437707,36012661.015823,178486.17953097832
C05,21874604.707772374,36004316.38916674,-271135.9549542942
C05,21854612.84890523,35998353.772195294,-702068.4077778267
C05,21827680.127963267,35996825.91008354,-1084681.8021961944
C05,21795927.17830624,36001603.55260987,-1392637.9510530755
C05,21762676.747361246,36013768.957962364,-1604728.2599240527
C05,21731919.997150205,36033158.70573894,-1706355.9754592036
C05,21707590.509450763,36058190.72214766,-1690552.2959912405
C05,21692805.43756489,36086038.91937123,-1558451.9139625474
C05,21689269.261841137,36113119.68749635,-1319197.4632564608
C05,21696974.33795888,36135786.00662746,-989284.5620694841
C05,21714272.265086282,36151056.20277036,-591399.9510866186
C05,21738292.408472106,36157200.581124686,-152842.50062144658
C05,21765596.02004522,36154042.9228929,296359.82872530713
C05,21792900.196636964,36142904.52912668,725504.073222588
C05,21817689.566335227,36126215.26225546,1105296.8091015476
C05,21838569.97519323,36106895.601140514,1409834.6868644136
C05,21855291.47555075,36087673.83597193,1618347.9664164148
C05,21868456.457821444,36070515.9425562,1716597.4773111695
C05,21879015.440435853,36056309.275234036,1697836.9998415061
C06,-1766326.8668367155,28367292.605088137,31334315.312200498
C06,-4626949.516848638,24861812.219434038,33869259.9546061
C06,-8858007.71146982,23275127.584351003,34100394.56964376
C06,-13314851.475920506,24030405.680071168,32005097.04750042
C06,-16792916.052417744,26919886.83935508,27719154.31701782
C06,-18352365.192010596,31158708.4959117,21529556.310063843
C06,-17573119.961642142,35594970.938825,13856662.251169398
C06,-14670480.923169488,39020638.317494884,5226444.785873963
C06,-10438559.272512667,40499554.784217946,-3765591.8054905087
C06,-6035570.184631638,39623033.69665557,-12496353.430126123
C06,-2668837.062043693,36622445.61246795,-20359770.371876974
C06,-1265606.451394407,32307233.004154913,-26810488.400857482
C06,-2220111.034598209,27845023.70404038,-31403031.74056648
C06,-5286275.222957001,24444265.65883539,-33823257.15610189
C06,-9645006.55958616,23026545.616886124,-33909698.16084169
C06,-14126808.528544508,23978013.54971084,-31663409.4483453
C06,-17528162.10602178,27046836.909575805,-27245991.107155304
C06,-18935390.298231333,31413148.956690468,-20966452.21986605
C06,-17968851.1478839,35911086.41868093,-13258364.602673057
C06,-14882847.158248665,39342076.77000278,-4649297.623370055
C06,-10495888.647221059,40795091.94809783,4275162.094794987
C06,-5971120.585905489,39888787.17162955,12910399.400346093
C06,-2505964.2248140834,36871894.75449529,20672393.554556858
C06,-1013385.7384510878,32555940.901656065,27035724.028157804
C07,-18000358.400297463,31452742.224023104,-21623729.174698308
C07,-17982780.300442897,35180621.969307624,-14937102.80272957
C07,-16102304.009277094,38411608.2131308,-7232145.56824745
C07,-12858762.801712107,40286458.363490716,964740.3969732077
C07,-9113770.605707403,40310409.587570526,9096202.078601569
C07,-5860047.4503807295,38484177.19437987,16610974.590666853
C07,-3956638.5773200803,35302568.97123264,23000077.40973036
C07,-3900285.2493562996,31621580.913408652,27830096.596913636
C07,-5693416.954992387,28429412.448669925,30771689.7746508
C07,-8843786.061071051,26582079.553497177,31621685.43072616
C07,-12496155.534306055,26573782.370409958,30317401.481180478
C07,-15661543.052899942,28403390.85666023,26942115.517836582
C07,-17483301.72603367,31573386.62635928,21721005.45685436
C07,-17468816.10145189,35222576.99420029,15007398.201741396
C07,-15623969.5359139,38357894.613700464,7259799.722731844
C07,-12453074.994784782,40123281.35135298,-989072.871986331
C07,-8823199.471122924,40032736.99067153,-9169274.182818018
C07,-5729006.328934712,38103602.338180415,-16713965.765635423
C07,-4021988.881310355,34853021.067583665,-23099980.191253062
C07,-4178230.2933214735,31158069.215332296,-27885350.30828049
C07,-6168416.742572617,28017708.241710898,-30740762.329096682
C07,-9465607.897950102,26281808.591694273,-31472467.806308974
C07,-13188225.955989016,26421318.033268265,-30035003.694225673
C07,-16338692.70957854,28401895.21480345,-26533025.450186115
C08,-8080999.919271661,41084878.58190187,-3530124.6793502
C08,-2514894.8993260227,39878670.598761216,-13024793.060421048
C08,1691469.9354217276,36018881.99057911,-21618383.617094345
C08,3389914.32794879,30550377.16104446,-28718007.44097965
C08,2113010.3777873702,24953629.442060895,-33836321.03319723
C08,-1800271.5709780268,20743150.206339065,-36625096.13069492
C08,-7297782.35775415,19058105.501731846,-36898346.467503145
C08,-12899708.095229842,20355995.670739923,-34643645.71038595
C08,-17098056.370549127,24291310.751792476,-30021263.22437328
C08,-18761958.873784788,29810427.876961283,-23351654.114862427
C08,-17440254.0937085,35435823.60945787,-15092551.140627934
C08,-13481221.082768403,39662570.957969934,-5807485.705343226
C08,-7938531.788689098,41360982.47604526,3872074.3037901055
C08,-2289237.820777052,40078318.86108792,13288700.774693936
C08,1960969.7806552202,36159680.30436303,21802403.57559987
C08,3680278.6389829908,30655983.98952212,28833034.192765288
C08,2414001.5102869384,25043223.66142103,33899120.90199398
C08,-1492595.2875949303,20827254.79242245,36650728.56381781
C08,-6985531.308033523,19139264.16074145,36894126.386174895
C08,-12584183.370777344,20430342.175076287,34606418.00263802
C08,-16779528.750871897,24348051.5210576,29938771.426047023
C08,-18441780.053167243,29829618.13886354,23207594.875312608
C08,-17126963.15179244,35387986.90032671,14873837.993860852
C08,-13198412.088016897,39514173.906871945,5511558.262502535
C09,9750429.369772473,33544290.77567213,24591412.950948607
C09,4447803.934400078,28191785.1175875,31752737.071663294
C09,1023024.7410980398,25342520.951635156,34267449.46133642
C09,-3351236.1307875346,24647176.817573674,34509763.446025945
C09,-7478338.171194823,26281848.00531934,32448903.58134739
C09,-10229676.218776371,29798264.660243824,28204659.944647186
C09,-10848097.803679135,34238070.905998066,22044722.51987859
C09,-9156700.546584174,38385458.9115718,14372510.483078308
C09,-5614370.166746745,41094218.80078421,5704706.016022087
C09,-1198370.9739577635,41602363.7007729,-3361455.969741515
C09,2858717.290206452,39747012.70109758,-12189789.80673387
C09,5408079.053075034,36016583.218711086,-20152763.28864934
C09,5705568.065392224,31421650.109455794,-26680789.909850407
C09,3622612.6750988513,27218007.61971938,-31308024.87890815
C09,-314403.025606161,24559459.441294312,-33709520.98591044
C09,-5068075.960997379,24179186.038219936,-33725646.51407661
C09,-9375508.25531353,26189912.10894849,-31371503.00277359
C09,-12093407.52475079,30057485.219718453,-26831231.334900763
C09,-12505829.949415302,34751804.093819484,-20439028.91660049
C09,-10511258.611861281,39029409.57501781,-12650013.4191758
C09,-6641906.584740441,41767850.66168893,-4004601.8337734398
C09,-1914947.0502801184,42261453.134229586,4910073.218054061
C09,2440631.9703701567,40402037.15417048,13498810.843380434
C09,5307672.347572302,36700707.171010144,21194933.00406079
C10,-10762802.662566096,31631337.959541403,-25657260.490046725
C10,-11465403.719665619,35365210.53277303,-20045587.187117647
C10,-10203292.113590343,38961672.45754258,-13066804.204664249
C10,-7308936.679477299,41475587.17566243,-5203185.842141205
C10,-3540097.154178408,42254282.442186,3010749.398527954
C10,123394.10112376325,41107280.59712282,11023610.579984836
C10,2738496.143873811,38352757.30441726,18301848.71466781
C10,3645645.353132328,34730551.92367107,24362241.88308075
C10,2639810.1038617287,31205595.9890403,28800958.82710173
C10,22313.768156170845,28713038.156969775,31318219.82679358
C10,-3479888.936117327,27910898.80059663,31737629.52670424
C10,-6907200.725943031,29004493.385364085,30019196.819612492
C10,-9323349.145825868,31689316.060381483,26264961.127636243
C10,-10067707.656234564,35229318.298834555,20716151.008069634
C10,-8936537.46793294,38652325.52739624,13741002.109080615
C10,-6242638.742773972,41012393.03103464,5812891.565822703
C10,-2734348.6652439195,41648954.586350285,-2520695.9700436494
C10,606833.4322470594,40371118.08273384,-10676714.672975164
C10,2835944.3846931607,37514250.491327845,-18079758.114722818
C10,3306912.4980416633,33850912.99217272,-24206063.275824293
C10,1853506.1530443002,30379616.696356088,-28623989.568785492
C10,-1162643.1542985803,28050278.701792467,-31026864.93831402
C10,-4950425.072445671,27503600.1353349,-31255016.878362454
C10,-8505629.705364762,28897111.105377927,-29305230.6627378
C11,11365501.601168316,-12387270.105109306,22346636.179328848
C11,19396504.624126997,-11110592.644419154,16780978.424190793
C11,24394908.45478911,-11455541.350984454,7323172.917736163
C11,25170130.642886057,-11407309.910103042,-3836480.805472204
C11,22348891.209964104,-8864897.776846945,-14099928.994801879
C11,17993946.06876159,-2877530.510081021,-21064725.937478248
C11,14469846.02885334,5720354.712539548,-23093221.751209885
C11,13165054.693547787,14633078.844472392,-19706689.271807116
C11,13766378.17056353,21223802.291343234,-11702059.077096809
C11,14481704.681956433,23828441.085746996,-959677.2907381156
C11,13084421.227769356,22553832.10218589,10007837.370211443
C11,8203850.826347179,19136902.895068213,18649370.3989698
C11,161075.1154400115,15954871.128260862,22965754.415831037
C11,-9094325.428039243,14726960.01735574,21962559.93248424
C11,-16909001.925634436,15598897.740381308,15871539.963010177
C11,-21225421.20454827,17090478.658094816,6098526.382263074
C11,-21576311.549563617,16933148.807831407,-5091949.050901514
C11,-19248931.57058374,13356548.951046374,-15093002.688494269
C11,-16526239.052579656,6136522.198495699,-21562276.10519224
C11,-15406965.426348163,-3168843.643651946,-22978014.65089148
C11,-16497490.303381216,-11937652.33228796,-19005808.947431434
C11,-18682729.611126855,-17778399.737308327,-10580408.692665804
C11,-19757289.963260915,-19701987.62949065,319779.5809309088
C11,-17668896.49232134,-18540864.651316356,11146723.059246637
C12,25742021.5588945,-765840.6946467701,10803008.7970382
C12,27911827.355269827,-146914.2759175889,-52673.78063990209
C12,25674623.789604615,514548.91184015013,-10895280.52843144
C12,19962774.67415908,3223705.6450675577,-19194971.905538384
C12,13057403.448080935,8771793.553677652,-23009343.73416825
C12,7402633.495009414,16193567.080052912,-21443060.640310314
C12,4353071.421234,23182626.918897014,-14861897.024132794
C12,3529405.29029652,27248359.12390763,-4807008.497366302
C12,3126772.769002918,26992907.464717317,6370491.890041429
C12,1001417.3509048037,22820700.110468384,16064474.148971759
C12,-4059651.3675736645,16703193.734533714,22022540.00076561
C12,-11573650.692950275,11132554.57659199,22864952.751117438
C12,-19511583.356389754,7827763.061751129,18398176.594124284
C12,-25283493.89457289,6880015.144092903,9657519.884564945
C12,-27039952.039296407,6787050.6021478325,-1328873.6245693723
C12,-24601947.709634602,5355921.754121192,-12004842.142141461
C12,-19522847.70495114,991359.1205802318,-19878542.962295376
C12,-14244867.349103585,-6325365.268836225,-23106698.25662144
C12,-10799983.77182696,-14903288.091747858,-20931221.9035981
C12,-9755309.923926016,-22136988.609267276,-13860752.158261124
C12,-9972805.44728322,-25808377.855959952,-3550892.3524025544
C12,-9310038.464269107,-25195701.370955527,7588272.525935906
C12,-5876048.597374393,-21395160.635593645,16960518.476266358
C12,842181.5322549241,-16689435.01977974,22389058.715123557
C13,-4726871.922173713,41746183.101333596,245268.63247963568
C13,538236.4788602013,40945391.73150594,-9221104.17185279
C13,4682552.824989194,37576947.74711069,-18046856.927415185
C13,6565267.755574049,32548085.191121697,-25616869.303403687
C13,5657351.3420186695,27220140.969216812,-31403199.400421187
C13,2187504.4517847886,23038246.521681417,-35003812.439911366
C13,-2919235.107938731,21137784.862230726,-36171651.2523657
C13,-8293169.022789026,22036059.674544815,-34831631.17455397
C13,-12492028.291231455,25493508.880185407,-31084395.42215053
C13,-14390929.825633353,30581225.345379673,-25196984.739265677
C13,-13484007.166103411,35934499.43138447,-17581752.73408486
C13,-10017167.682293389,40121813.341215655,-8765724.943308042
C13,-4918307.413602276,42028786.12903764,646864.2054553524
C13,453976.8115640972,41154361.785060704,10015967.904038103
C13,4674414.9358831085,37741536.90623738,18708247.96797516
C13,6630476.674211368,32709663.745092757,26138176.732051242
C13,5817044.359244488,27407701.93854603,31805504.772331744
C13,2469251.725808372,23254289.625451908,35327211.632143445
C13,-2501065.2761005918,21359613.41006979,36462344.56581217
C13,-7748676.53651917,22228711.63342656,35128413.182243876
C13,-11854371.740683556,25624933.137677595,31408257.93590127
C13,-13705842.745004123,30630842.493514977,25546627.09665692
C13,-12798606.77719034,35892104.95770174,17936119.69243938
C13,-9375350.48067162,39980894.76445942,9092739.300445864
C14,16053410.066179164,-22179060.904591892,-5226275.926489589
C14,16270124.609102348,-21837382.984718192,5967160.476217469
C14,14969631.061177177,-17468668.879478987,15766134.986739632
C14,14398013.352432558,-9613337.339647923,21884750.558486734
C14,15964097.829805791,-386720.4535699617,22902821.47831464
C14,19430342.496709496,7554095.767905339,18591482.37518005
C14,23014289.879964076,12319149.494486732,9959035.060738435
C14,24341547.498275064,13676028.213110898,-986857.586166319
C14,21739055.59328707,13056265.61054267,-11703272.269832954
C14,15178749.689553414,12681727.537000947,-19697918.89247873
C14,6366149.665194548,14280612.362714663,-23105730.442664184
C14,-2079731.2776549645,18082133.90484302,-21125025.028821066
C14,-7924810.945791665,22634262.318081997,-14210622.742269406
C14,-10406598.037355278,25551000.521433026,-3973940.5862521376
C14,-10526944.22010837,24793170.18993717,7192245.583254584
C14,-10394794.299227405,19791383.532470074,16677799.226133095
C14,-11979784.329582574,11800691.740689345,22270811.372564692
C14,-15957989.947636064,3294417.768769256,22674264.908958178
C14,-21275904.833909724,-3274253.928540595,17802341.339632098
C14,-25664854.860069923,-6679421.122526453,8793147.204044448
C14,-26827732.222182356,-7460414.218219525,-2258591.366617292
C14,-23664918.993021563,-7513440.8744917875,-12785322.967443664
C14,-16887140.727375336,-8961488.474814102,-20338302.696040988
C14,-8686661.295481592,-12909223.426364,-23154573.82602814
C16,-2897335.882105734,27350254.298306525,32385940.92944926
C16,-5922697.247726707,23896234.863494202,34587198.60333929
C16,-10270811.160926703,22457998.701697435,34466221.25347487
C16,-14758250.136845052,23420439.697121203,32022409.586380012
C16,-18164691.450863253,26523446.234623183,27409823.68732623
C16,-19560516.76338871,30927861.46329083,20930173.11291151
C16,-18559665.832197156,35437369.6802324,13016037.231628992
C16,-15428627.620732956,38819419.47773952,4204419.181878246
C16,-11019387.06329159,40140086.53691714,-4898455.3731753705
C16,-6541390.779805835,39021590.925232306,-13659182.831817381
C16,-3232585.9672965445,35750121.48252229,-21463105.340415902
C16,-2019328.2333284412,31201769.090998396,-27760300.033769142
C16,-3259878.625792548,26605073.602962803,-32107399.694095522
C16,-6643818.708070281,23205298.9604175,-34201202.45456836
C16,-11275929.019670002,21923907.29930872,-33900851.78231686
C16,-15920793.55211569,23108034.309934672,-31236689.480635826
C16,-19339288.966122054,26438695.040095575,-26405438.6276478
C16,-20623417.191122796,31021161.762142487,-19752847.387202367
C16,-19438204.64607679,35630192.0183028,-11746070.983187184
C16,-16106864.622659683,39041204.46702207,-2938735.110688477
C16,-11519223.59354669,40357156.04590811,6068181.882700776
C16,-6890862.9647616185,39244416.48008092,14666714.154513944
C16,-3438873.0365230273,36017008.74358336,22281019.47551161
C16,-2060253.9013886452,31549331.760670897,28403245.193514906
C19,-8850872.942226574,22678144.924854882,13692884.314161796
C19,-11167365.98635754,25376817.99953454,3325495.416963407
C19,-11129814.836423319,24375845.3206472,-7815205.41194997
C19,-10871831.433597183,19147189.638628606,-17135113.7849837
C19,-12358538.454619737,10985006.04504972,-22458792.06225046
C19,-16238004.888463318,2389804.7232268136,-22539487.81183983
C19,-21417042.19945903,-4179365.19937112,-17354707.287745517
C19,-25597166.04841471,-7519059.471963943,-8114650.152753715
C19,-26486870.87516954,-8211816.067690518,3021177.0046243747
C19,-23037043.123162534,-8191520.5731763765,13452521.493337914
C19,-16031950.596497046,-9585725.303508421,20749150.12043606
C19,-7718360.628733197,-13466982.01022536,23216734.770764347
C19,-674664.5244773664,-19188883.100719243,20286088.772091378
C19,3475019.508821683,-24662669.94187461,12640436.476625636
C19,4820980.18978253,-27426658.486948438,2056171.9446984734
C19,5003996.383835336,-25940357.397749647,-9006123.577378932
C19,6219220.296555364,-20414359.91034774,-17969962.1148263
C19,9923528.159423687,-12729889.012138586,-22742365.229446296
C19,15944625.101619463,-5485499.910896367,-22205073.292505726
C19,22478913.450899705,-677595.5943485349,-16480162.12594924
C19,26987810.068675548,1278711.4700608775,-6904356.548908778
C19,27514779.21794786,1663594.9734330568,4284410.359099597
C19,23714160.601009343,2644749.1518179346,14474047.537567796
C19,17037696.497038797,5991383.878034418,21291405.52312876
C20,-20217839.28671711,19121165.58134551,-2303512.854768002
C20,-18603480.628768094,16375540.426658975,-12846533.947214453
C20,-16329279.477950495,9799617.363742162,-20398050.454600655
C20,-15481842.667898826,716325.9258499341,-23195804.93362342
C20,-16869590.969910968,-8343390.253061885,-20583163.195960544
C20,-19568440.90773333,-14880237.077699505,-13165942.41323205
C20,-21425532.549935278,-17650806.758837383,-2674088.9370085704
C20,-20252207.7295572,-17222729.991220765,8442406.015332555
C20,-15061687.307091538,-15565404.44005337,17588918.358220845
C20,-6680029.475178303,-14902306.37006939,22634693.6319672
C20,2601364.3974725064,-16449549.718780993,22408670.140089173
C20,10145716.90187103,-19722192.919307064,16967819.400690787
C20,14265868.693639658,-22779148.066429395,7580076.681751927
C20,15008395.137341244,-23273319.6355076,-3570796.883744159
C20,14015337.635215059,-19744581.28741068,-13890526.045974968
C20,13542601.419251585,-12463051.616557516,-20975379.4302049
C20,15163656.582414623,-3367632.8471317654,-23171451.063837577
C20,18856986.700668417,4873566.675065829,-19962306.826237623
C20,22972251.57070366,10184049.476993788,-12093197.570068259
C20,25098924.79171821,12077419.430611238,-1399910.4778543774
C20,23372876.844540782,11800410.495229878,9620481.42481665
C20,17515612.47782443,11547648.374735104,18396171.7107433
C20,9043209.286660567,13177913.646649083,22883414.53509079
C20,531671.2015749468,17129963.70318392,22041504.49120447
C21,20441799.868825193,-3377347.9005014747,18696829.930983637
C21,15439536.960944153,3743047.5415074397,22955235.604282804
C21,12071865.296529027,12476480.378475416,21870159.623020407
C21,11091284.129605455,20258862.187876444,15697348.838799054
C21,11524187.153609997,24747314.86826869,5873441.442789229
C21,11268304.945944987,24982839.816027798,-5316835.853195442
C21,8312741.749885057,21832178.857304774,-15268983.750100948
C21,1924533.9821860772,17474876.744972672,-21663099.02161503
C21,-6839475.477706583,14210180.037330681,-23005150.27751258
C21,-15578178.379629266,13223668.545233563,-18978283.43117976
C21,-21718761.420742013,13977059.152102416,-10520097.61290681
C21,-23793042.00878777,14550411.272356385,394837.09980434837
C21,-22134955.653036144,12751414.811937332,11217936.427892787
C21,-18626886.483247764,7389513.518216892,19425088.281905442
C21,-15636541.700091854,-977238.5915979883,23106773.591180414
C21,-14721571.88481458,-10227647.739024622,21410165.73831401
C21,-15798577.859112889,-17697157.65447646,14733044.835944934
C21,-17218397.817925148,-21489680.61948507,4629101.488389893
C21,-16703681.043690441,-21386897.092625592,-6551737.332876946
C21,-12645244.536749236,-18874996.126263887,-16206816.79391074
C21,-5060670.195335636,-16277349.332883578,-22085007.143611424
C21,4304240.300335009,-15458961.285042793,-22812301.18437396
C21,12793698.702481598,-16799757.40363622,-18215321.31181276
C21,18148642.08606637,-18991413.308878645,-9365028.508318862
C22,8346291.064342888,13511694.035296617,22946503.449328136
C22,3133995.9560176367,20487591.81862143,18696975.736093514
C22,749176.4596066559,26019014.11446607,10093057.044854678
C22,230265.13480828644,27905963.143642064,-860600.6234780593
C22,-498593.3996873386,25383668.01409643,-11614017.197732091
C22,-3396146.153981598,19519821.05981239,-19664013.012618694
C22,-9135783.87513467,12656630.02241509,-23135335.263098203
C22,-16631549.458950538,7195625.280067672,-21216836.919460397
C22,-23518579.740798116,4373581.0082397,-14352116.757247314
C22,-27337696.120642163,3682600.119044415,-4139330.83485186
C22,-26794376.51319156,3243361.226004081,7039486.814167693
C22,-22417550.04819619,928281.0778428633,16575354.912842136
C22,-16263355.920637768,-4375251.132603344,22244053.25971414
C22,-10824041.09459708,-12048681.65928075,22726192.565242298
C22,-7730295.841302732,-19963669.89395532,17912897.666675534
C22,-6942530.142246494,-25525170.92852032,8928031.377961537
C22,-6859506.171527337,-26980103.480633933,-2135296.2090202416
C22,-5279580.332128447,-24294823.865456145,-12701686.849162027
C22,-693950.5134992078,-19135321.15902379,-20311412.5487355
C22,6785879.097383997,-13962851.874444583,-23191493.605990447
C22,15368730.786565883,-10729609.404161664,-20668291.973789975
C22,22431166.719946317,-9872044.801037999,-13326381.38565901
C22,25825161.530146908,-10140305.408119772,-2875507.598772018
C22,24950083.25501568,-9354595.197342277,8246456.031327321
C23,-12494567.221008029,-23996897.69635567,6850232.666212189
C23,-12064638.780089276,-24843538.48527563,-4036129.7262569345
C23,-9141420.616769694,-22361942.355789997,-13982330.50279052
C23,-2963303.60915751,-18520467.057361353,-20671979.95488107
C23,5568244.19096652,-15480378.590622567,-22547418.45451639
C23,14250806.601614108,-14431548.360058319,-19171265.57353853
C23,20642232.49114324,-14976255.132288536,-11328479.006313782
C23,23259096.492417157,-15390247.697743772,-845285.8044720397
C23,22275694.383322075,-13619866.563066825,9834880.03529827
C23,19351833.761525854,-8477323.62076402,18221308.140170805
C23,16684415.118922032,-386857.59340858134,22358206.10597903
C23,15795527.663686533,8725306.060355667,21281526.174237736
C23,16710603.453817055,16343621.238514952,15243317.010525065
C23,17968147.494793385,20593917.418576207,5652080.429919124
C23,17453890.868072283,21137451.405304503,-5256331.254056477
C23,13608363.823596993,19254307.99691418,-14940345.921223644
C23,6355758.474180529,17076806.648256805,-21144723.308687408
C23,-2748308.1137315156,16388897.534216177,-22424756.110946354
C23,-11233602.625102717,17638318.825392544,-18481599.606755115
C23,-16918234.999718733,19692096.11697737,-10232281.832177794
C23,-18960035.10288202,20467014.831458118,402057.7412827334
C23,-18198331.228163403,18097068.060025197,10942535.950950677
C23,-16606496.050912706,12009062.607820328,18930946.550287355
C23,-16153107.095077803,3323892.77862629,22504387.778665263
C24,12629070.560101852,-12337180.631201623,-21641839.23520121
C24,16458890.154600587,-4003478.389640582,-22198989.7482026
C24,21512438.13064103,2622755.927572854,-17592268.2249355
C24,25680496.585894592,6324113.33268437,-8888910.279618233
C24,26788936.860239107,7528973.634339101,1886782.879246039
C24,23763526.050827757,7963039.20352661,12221559.768811636
C24,17233973.983993657,9603515.204849914,19700913.5969614
C24,9246992.692932943,13503213.870837066,22577201.932093095
C24,2238750.2775458135,19125751.89524816,20180727.562312238
C24,-2181785.860798874,24556279.12112477,13075044.40762649
C24,-3987080.012654545,27476523.20694437,2921360.2653532363
C24,-4624584.726599325,26379813.177907486,-7912936.563000205
C24,-6116579.21005132,21374460.764442366,-16907046.4904047
C24,-9857598.747544149,14147457.36266433,-21970867.970800567
C24,-15758350.258421443,7110156.618532062,-21926786.428865816
C24,-22196913.133350395,2181006.740467284,-16781623.940897096
C24,-26808223.522121273,-149506.93863231316,-7728070.057825111
C24,-27696678.08021267,-976184.4236470531,3127374.1865835967
C24,-24426534.753356375,-2275837.054019063,13252227.892645163
C24,-18256766.878529023,-5723022.95656261,20280788.977899745
C24,-11490018.28423606,-11668286.607198229,22570935.329846304
C24,-6284477.513132525,-18837857.30207169,19590172.953427963
C24,-3568147.0010308046,-24922777.03759517,12038472.367354967
C24,-2636661.3627644666,-27743042.12979866,1680697.3382924942
C25,-621918.1745558335,-25894080.53499897,-10432442.923476081
C25,2509382.943949634,-20656764.645413578,-18622431.31427561
C25,8325940.234302946,-14315027.008947778,-22480755.764989436
C25,15827703.476088522,-9119901.017509453,-21108708.197060555
C25,22800592.64668115,-6263487.540361236,-14822257.760297699
C25,26911058.73514463,-5318874.772017695,-5081836.828321967
C25,26887650.673163105,-4565609.552023996,5843686.506283298
C25,23158882.007916514,-2024744.880254062,15404839.976850005
C25,17603568.387627542,3356729.0922639193,21368907.293876756
C25,12546855.145246942,11016867.261555575,22344251.272900168
C25,9543047.519591708,18963620.65015439,18105860.022546656
C25,8599920.322123446,24739147.494726595,9645693.706469856
C25,8257639.641408656,26648718.093953803,-1061918.8050079916
C25,6473042.406583457,24598226.10878611,-11522638.638323922
C25,1827585.8474987447,20095998.901498467,-19302752.581385728
C25,-5593924.69665968,15422755.325353604,-22592919.523783583
C25,-14128221.956618035,12416381.001783505,-20626310.855217893
C25,-21307302.59065853,11520511.777535524,-13857138.394977065
C25,-25074592.955679264,11603839.27721514,-3858544.402341816
C25,-24799264.746278346,10646331.778780576,7039893.071329004
C25,-21547312.25748065,6923355.476422691,16294662.950635228
C25,-17463499.029986817,46647.94895478152,21744591.129605345
C25,-14597726.83845747,-8705722.920800218,22118310.952896517
C25,-13810072.91779328,-16954971.631997332,17331374.322464984
C26,17794152.435751833,7447027.017028663,-20179652.306005582
C26,20381418.183480218,13914207.379157221,-13021473.680564448
C26,22027642.196662053,16871678.69457826,-2827815.082068128
C26,20704311.309007775,16860908.792371932,8025553.758112214
C26,15529761.24678034,15713185.815323953,17003237.325025983
C26,7326008.060884857,15472926.012511743,22006676.64530175
C26,-1724274.6442391612,17224438.483885467,21868715.370134708
C26,-9140532.120552111,20460747.961712725,16626285.703947151
C26,-13357419.101868683,23336730.59176326,7507602.669091587
C26,-14441099.98574196,23667840.28072512,-3359461.1204595626
C26,-13933251.794511821,20134321.15289359,-13445654.914505584
C26,-13916511.327430738,13043796.699036244,-20407178.911587525
C26,-15808683.488423925,4244525.802979183,-22626094.178552736
C26,-19533210.228541456,-3765675.3982656514,-19583248.273851614
C26,-23511164.362844963,-9064776.27150485,-11980872.633599851
C26,-25483850.578921504,-11218911.620968513,-1585190.1828180845
C26,-23730946.47171115,-11397468.120364837,9180153.211142007
C26,-18030674.583254803,-11629760.834124941,17799920.94990805
C26,-9839915.14444644,-13605805.442024544,22259339.97209179
C26,-1591294.5624456936,-17674247.029035565,21518757.079337228
C26,4516763.133102432,-22584439.49282493,15755984.277192133
C26,7587992.843505689,-26113951.458199356,6320323.990231135
C26,8386277.024636422,-26242601.66824526,-4587121.8018984115
C26,8801497.807000317,-22241389.85696477,-14428283.602516018
C27,-27349651.064167418,-5211081.608782411,-1826619.5915211427
C27,-25777476.275733266,-5659318.434432983,9034892.965068068
C27,-20297397.71594714,-7036749.392698207,17787885.771174796
C27,-12713197.421765223,-10723487.779844362,22388765.723487478
C27,-5515598.866430296,-16551920.62936266,21763823.838672344
C27,-623233.9676879495,-22805144.64401402,16060472.95439222
C27,1549522.2869659811,-27068933.134676993,6611431.504610168
C27,2201959.2443077965,-27481477.284994166,-4378683.975769022
C27,3382354.406369255,-23710666.891648903,-14349394.312042573
C27,6767920.337920113,-17135998.564014733,-20980729.88745587
C27,12650207.37834047,-10139904.909290807,-22730694.93461389
C27,19673472.83815389,-4888489.047760893,-19191310.084436055
C27,25469999.809093215,-2250699.960810016,-11183720.283533845
C27,27858266.938419778,-1429321.2633750704,-570362.8404730621
C27,25967508.48198556,-498205.92239912227,10175645.235776909
C27,20686572.79575859,2444904.5498246513,18546845.153115373
C27,14193918.260848772,8134376.751554439,22588755.02856076
C27,8819838.58520064,15624275.145454606,21358303.600628782
C27,5852219.895648096,22690271.12558338,15144318.676959304
C27,4926023.568692389,26934665.316953495,5398542.252730524
C27,4319822.729114134,27003845.53228616,-5605542.671005305
C27,1992966.9212391712,23267114.617063884,-15304598.432312652
C27,-3200816.6736107683,17596222.581177223,-21442126.394916583
C27,-10779655.694348985,12367545.324401215,-22590946.941258434
C28,-20380178.946372684,-14144230.937247248,12783605.605131859
C28,-13483069.400793036,-13843139.125873493,20138049.19682696
C28,-4632679.429317005,-15417257.360235274,22801320.524933577
C28,3629503.754286456,-18966263.186799485,20154118.35875428
C28,9232741.399520773,-23013615.582916476,12812994.911732065
C28,11568480.767626902,-25276974.323424805,2487232.6255869516
C28,11696477.383849902,-23898172.977209385,-8417927.172461465
C28,11660249.567847917,-18473192.32003542,-17361020.805296235
C28,13283923.409800835,-10327170.203274593,-22256972.58252767
C28,17101594.33039751,-1883301.1247703852,-21963692.31329622
C28,21999094.25683447,4539671.469102614,-16548908.126819557
C28,25764709.63742761,7860810.260883288,-7275000.333212208
C28,26256015.321910184,8698133.250450144,3695308.1966580283
C28,22556774.136230137,8915419.338795219,13804282.803561032
C28,15501282.226831168,10504441.892962568,20696584.49062054
C28,7283460.781674007,14409724.900205323,22767787.130377382
C28,359434.04861343466,19931843.256213855,19536403.643807
C28,-3771182.2696867893,25032598.220866986,11754913.013956154
C28,-5257870.744799608,27381582.289993595,1235183.2630301781
C28,-5700339.340736786,25586099.12754145,-9572206.678289546
C28,-7169782.0125786485,19945800.66718099,-18148433.07735311
C28,-10980738.307889111,12325780.457525466,-22493865.855379626
C28,-16878866.29530947,5214050.132530252,-21594751.186364423
C28,-23086556.36125961,466558.4564296361,-15660115.541224105
C29,-1548599.9243369258,16120699.244506612,-22729463.35302064
C29,-10615744.581205744,15430042.085599268,-20688858.358928587
C29,-17780206.372394267,16473529.519785456,-13827437.243030364
C29,-21334767.21741899,17590981.76002821,-3743138.3425982087
C29,-21210608.88831131,16632393.590614395,7213739.201319851
C29,-18922283.766755365,12190598.297930693,16488561.855073087
C29,-16681469.41721028,4453982.922625788,21919009.602883182
C29,-16159491.322023297,-4784131.900576394,22239639.37127284
C29,-17566423.722901747,-12969489.122585636,17376375.923554607
C29,-19542220.307885192,-18036644.090540837,8463223.904938454
C29,-19917641.785613216,-19400048.888566133,-2422243.147650187
C29,-16934718.70552008,-18160623.150561564,-12743335.59952089
C29,-10268503.937497936,-16422289.864725698,-20095592.81895508
C29,-1297954.591996177,-16090303.498654583,-22766503.659975067
C29,7523316.850120888,-17800017.363119207,-20133502.87142739
C29,13864148.089422494,-20552737.91537933,-12808977.216267912
C29,16645627.659854176,-22255210.89809664,-2498880.7096422315
C29,16503786.337744245,-20874116.69727195,8393709.703995148
C29,15341387.769469408,-15584599.798954677,17329110.862692047
C29,15214001.683607323,-7292314.528478865,22224210.705780596
C29,17153833.543641094,1755656.739937583,21938430.957117166
C29,20567074.872321762,9066176.24348473,16539037.696356175
C29,23530425.941688538,13118920.579024829,7284953.193568123
C29,23828390.36836075,14060973.729065483,-3666837.508717976
C30,-21160927.64127849,7725809.855983608,-16462838.0652436
C30,-26067144.418704744,6869979.920433599,-7174416.627993603
C30,-26886941.89568488,6380851.6547822505,3787803.929212811
C30,-23833489.726913612,4202272.931793922,13865731.0237439
C30,-18668547.738314003,-902169.9638764057,20707237.05287976
C30,-13748776.86233007,-8562925.242829187,22717488.89059408
C30,-10780029.328202546,-16884310.55215353,19430725.325748935
C30,-9949501.881548775,-23351847.206034623,11616289.92091803
C30,-9898119.681691088,-26083599.231086057,1096638.273833253
C30,-8541868.680282379,-24758869.383339636,-9678388.584508056
C30,-4295601.937868714,-20731492.565717503,-18201256.233428728
C30,2961484.712090146,-16271287.133588556,-22488282.5848483
C30,11700276.0980561,-13341992.196455821,-21539544.603371397
C30,19441268.11367745,-12569567.56785634,-15572382.177876277
C30,23972501.55982138,-12952335.920779664,-5974169.629748926
C30,24440128.425168663,-12468358.168576362,5017866.079630252
C30,21729339.008008365,-9253052.70773701,14838475.02766174
C30,17931823.73174926,-2709254.7373886444,21195734.89509678
C30,15188736.482343785,6054617.11392789,22608091.263618223
C30,14535056.243482139,14699803.653487105,18749346.417309023
C30,15367335.048068352,20794491.268059973,10522016.918397509
C30,15817581.125033349,23007178.221622262,-155558.12987392885
C30,13827837.168814171,21722090.970600814,-10797034.518515604
C30,8344740.230744374,18753122.46726138,-18926035.061388228
C32,-20394152.408103075,3489412.607289145,-18716858.28871975
C32,-15436495.71356786,-3687725.137868309,-22938395.506455183
C32,-12130064.39801788,-12456069.295677735,-21807633.86099028
C32,-11199863.738142386,-20236331.85577157,-15586543.152451312
C32,-11645459.858076524,-24691922.108039577,-5726888.577283738
C32,-11354649.500127448,-24892232.00617992,5469493.337809521
C32,-8334013.533102157,-21738501.25911805,15390714.800664436
C32,-1887857.8652288737,-17427045.34809765,21726170.97743593
C32,6893714.979461865,-14243630.900350243,23003802.719701916
C32,15602291.698551621,-13339556.495739348,18929001.095832597
C32,21686508.55444169,-14144008.615215227,10450365.06219725
C32,23712128.075834557,-14723385.761616373,-460206.50986632507
C32,22039418.796978362,-12892637.752848055,-11263333.963477857
C32,18558923.346822396,-7481486.913289156,-19441304.489910547
C32,15628091.48174073,927689.4300859123,-23085173.967631985
C32,14780295.438858362,10193632.23898151,-21342209.59452139
C32,15901700.249729427,17645679.276182503,-14617432.658494271
C32,17320320.423041504,21402679.64302039,-4480362.023987585
C32,16759132.641312504,21277275.461756043,6702492.774002689
C32,12636887.505150273,18783394.810047098,16322797.445340464
C32,5011457.156468159,16248461.853809927,22140547.013411526
C32,-4345102.168511317,15513823.336554851,22804412.114705097
C32,-12781797.331799094,16924285.44615972,18162428.94196044
C32,-18070187.474133134,19147171.322927143,9294905.206291582
C33,8760262.93999993,-22737574.666225515,-13581699.65434063
C33,11061069.311331224,-25409932.896217152,-3191921.6633453816
C33,11038981.907590745,-24359276.29646884,7942697.5007916065
C33,10831934.717930602,-19092359.881021842,17224717.791879967
C33,12386722.48026613,-10933517.872803217,22491012.77163508
C33,16321261.327323638,-2387764.6984163662,22516858.310028683
C33,21521106.174800698,4109868.564504048,17298775.566763446
C33,25688212.39532569,7391433.636130744,8053061.090605266
C33,26548805.009978447,8064776.222680391,-3067565.3239007965
C33,23074621.83313657,8068360.666952419,-13473815.942106534
C33,16063308.162028166,9516276.250700388,-20741521.567368444
C33,7764875.671490383,13457475.93451115,-23175930.34722981
C33,751059.3773121834,19219898.010151625,-20207333.325510517
C33,-3370362.2277151905,24697004.2156462,-12525681.580727998
C33,-4710953.522965407,27428458.189495817,-1921639.5349761397
C33,-4925132.870553102,25898037.56593453,9130868.14821831
C33,-6201293.352488607,20351271.9800663,18053719.862848517
C33,-9969642.287308296,12691776.738244582,22767840.2012396
C33,-16028323.847427271,5511840.14883629,22177346.78342573
C33,-22561484.85488966,777616.7089074012,16422233.834223894
C33,-27041840.504347358,-1129387.9343706751,6843659.751770866
C33,-27536701.646275613,-1507375.3684760865,-4328244.165222673
C33,-23720727.383826986,-2521324.3259284645,-14492181.346333036
C33,-17053950.503698856,-5922931.84020564,-21280247.59576767
C34,19893095.91717384,-8758937.349824952,17501988.077900577
C34,25335449.841950327,-7883169.187891336,8670730.791310115
C34,26799453.904211745,-7521744.909731319,-2180049.839309623
C34,24318438.11764293,-5608091.623224081,-12523587.233576765
C34,19515278.533146396,-783980.0574004035,-19953211.005296163
C34,14717254.209374191,6753269.954158283,-22739945.42611928
C34,11721439.991056336,15236125.318666432,-20232986.586557034
C34,10869910.82045905,22158497.87840374,-13012375.068520837
C34,10928107.113392107,25516387.366535973,-2757739.9462705506
C34,9831116.882739237,24798862.88822282,8140159.925787215
C34,5895554.039817225,21199377.792495735,17137605.46670464
C34,-1160107.5446489975,16933990.997893423,22134504.025821764
C34,-9943284.306465467,14035230.57449165,21966544.792289425
C34,-18015559.911742065,13273029.263203207,16676048.533243394
C34,-23087995.268925518,13782478.415267922,7499370.122243627
C34,-24146135.520284332,13594269.650762789,-3423908.9923197827
C34,-21906826.53401955,10777439.356463231,-13550449.755301537
C34,-18367994.225466993,4576409.262127184,-20524169.415179245
C34,-15697408.960494755,-4070861.201246244,-22721992.436415873
C34,-15057382.602453696,-12915073.261752376,-19629925.53432934
C34,-15994276.528897546,-19480000.31415733,-11964269.797512958
C34,-16720003.524393994,-22276619.722979896,-1508736.1910900762
C34,-15135650.18561912,-21501926.18148448,9298620.475059042
C34,-10045978.314791545,-18849219.967170417,17935058.5110141
C35,20248120.09513381,13765337.630879823,-13440669.644431548
C35,13147308.63607204,13718315.643360857,-20465160.841876175
C35,4313352.670438041,15623428.406389832,-22730042.20516781
C35,-3725206.887086751,19405695.062442824,-19703966.834673997
C35,-9021292.361651547,23465437.813392255,-12085841.029942555
C35,-11136448.525675314,25512260.68504534,-1647752.8181029717
C35,-11258256.9092139,23800760.90896526,9174892.712982198
C35,-11446151.110911863,18103416.09482507,17853635.10762053
C35,-13415684.601201225,9891795.53990116,22361964.63675072
C35,-17523675.424307052,1624263.6648531025,21650891.112277713
C35,-22506661.048677914,-4477803.6831763685,15891645.903604247
C35,-26114542.342766784,-7509872.085664919,6431031.553960515
C35,-26297762.413739767,-8247321.44073507,-4526187.900877945
C35,-22310938.95955473,-8606747.867349932,-14431119.527068768
C35,-15143147.811455417,-10502644.96123226,-20980982.43560154
C35,-7045545.319945625,-14716640.497225773,-22650937.12730281
C35,-406425.77039802633,-20387475.140190646,-19047724.698354214
C35,3430702.2932372084,-25399572.687784754,-11004783.573932502
C35,4778751.100568846,-27469603.779180523,-393833.5234447778
C35,5322287.401308544,-25353481.85752959,10308802.696303537
C35,7090980.724402763,-19524142.76864217,18602598.744939703
C35,11249656.714897927,-11951118.330091162,22551322.96021013
C35,17365095.473632924,-5098741.489950344,21237021.03896704
C35,23549996.276539274,-682308.6719548758,14971656.550114326
C36,257973.46224801987,25983515.460440937,10167100.980763542
C36,-2734564.7203509714,20757956.611633774,18453054.074963998
C36,-8395157.491022943,14322974.280976381,22439680.398465022
C36,-15797672.533878993,8961394.656200469,21201094.809758633
C36,-22767133.795627106,5937910.996392729,15027295.397418136
C36,-26955620.754323997,4903097.119196506,5355500.516236602
C36,-27030945.486540325,4180083.423999677,-5563122.685398244
C36,-23345600.05158823,1775630.37966468,-15185645.810783766
C36,-17728944.92332053,-3430698.287778657,-21268863.981950123
C36,-12513534.838521136,-10962821.530783975,-22392703.311582487
C36,-9316958.949013,-18885456.778588865,-18292972.881974857
C36,-8231920.848604467,-24736270.0165024,-9924851.280092692
C36,-7857864.541767681,-26758469.203281034,759215.7544540358
C36,-6153924.810850315,-24775248.069305345,11266377.162181953
C36,-1648889.7826293632,-20238278.592063233,19147160.660020832
C36,5649164.60082458,-15427257.153382486,22567207.698295917
C36,14137400.170566889,-12233790.842876703,20732590.805074163
C36,21362376.284739785,-11182442.785913773,14071867.383752331
C36,25229609.174045537,-11210224.026563149,4135473.2300920393
C36,25036791.246529132,-10318377.392797032,-6763722.070921672
C36,21782135.669452094,-6743804.775987169,-16087060.491455691
C36,17584805.160901926,-18166.922566271387,-21660798.195235245
C36,14529056.347530566,8659368.27813841,-22183502.590324033
C36,13553038.151770232,16943140.05715591,-17531230.97180108
C37,-17626561.33573955,-8437562.720939828,19929599.37391956
C37,-20013860.894011207,-14840335.442769874,12595251.860637454
C37,-21482346.28729346,-17683556.40127548,2328795.656181024
C37,-20019121.559332963,-17519502.967901476,-8479671.005275382
C37,-14750690.766923174,-16186318.283591611,-17314694.30963694
C37,-6494446.448036045,-15734831.475006757,-22118915.507222652
C37,2577777.116402355,-17261724.124862812,-21770994.092853196
C37,9989774.608813064,-20276981.54449492,-16348142.204365471
C37,14169312.0080007,-22948220.949408572,-7111557.717096392
C37,15172628.686931934,-23094537.796690192,3784907.327292631
C37,14539496.116317699,-19396791.43982186,13797765.590043107
C37,14360484.132807791,-12169939.93402621,20590503.250130363
C37,16064419.919449301,-3277216.1096615857,22580834.77349364
C37,19584332.48830364,4770407.183710321,19308500.288250625
C37,23352556.48363677,10048133.631253095,11539221.533603717
C37,25127032.030464675,12127993.66706693,1083769.4683830333
C37,23204884.37837892,12186039.440686803,-9623940.718034366
C37,17372683.034098897,12256277.394690134,-18091852.23641674
C37,9083418.25419538,14036681.715275005,-22347805.437670905
C37,762532.8914101264,17891079.11399713,-21397865.833767783
C37,-5390540.949089899,22585899.161747113,-15459501.50083619
C37,-8469308.416435797,25908247.014216896,-5914416.510617912
C37,-9227949.172067035,25838523.060674723,5011189.541013382
C37,-9555539.985132815,21648687.397972092,14766946.574868597
C38,-12796887.578417145,37723329.50884544,-13535517.482901296
C38,-8425937.169123512,35060649.86638242,-21662502.178778622
C38,-5978910.961391911,30548587.234754268,-28294757.217993356
C38,-6124233.621376222,25403145.85631384,-32974816.528065074
C38,-8829500.197927607,21012327.927860793,-35380997.270820595
C38,-13370236.6036897,18560665.826286152,-35349687.90280019
C38,-18526117.158636212,18709337.647325482,-32886190.228194784
C38,-22910918.634601127,21418464.671437033,-28163485.240489215
C38,-25346429.428732865,25959137.78020101,-21509254.145949982
C38,-25179199.53793593,31111068.369457014,-13382353.618003394
C38,-22455140.025690805,35491744.02448226,-4340637.369734729
C38,-17905788.35974579,37928042.699565396,4997485.091219605
C38,-12750799.624296991,37770536.39375958,13995073.069700839
C38,-8370243.699843641,35066666.20509906,22039485.153102357
C38,-5934654.654781796,30547015.02529249,28583295.301182732
C38,-6091647.845318727,25428783.266905926,33180771.556959044
C38,-8792638.97549035,21089124.94072317,35517685.973051496
C38,-13305917.791197207,18695539.19338289,35432609.45093108
C38,-18412819.0045426,18892031.80422963,32928300.12177201
C38,-22734934.955794416,21625192.6642199,28172326.43585092
C38,-25105068.74480965,26157338.083647724,21486672.660076313
C38,-24882380.753718756,31264005.164219704,13326750.46860776
C38,-22126507.804000795,35563466.32271296,4250960.073072292
C38,-17582885.58303714,37889883.27936129,-5117328.253336093
C39,-9017433.520499825,22988488.556914512,34253677.36401607
C39,-13028303.95305624,20575032.423074957,34450932.82146231
C39,-17709241.389932767,20500041.963032924,32291778.180394538
C39,-21796201.153552216,22779903.00791434,27917830.29558331
C39,-24185837.651034273,26794326.491045922,21623928.250867486
C39,-24234276.755773354,31452313.895708926,13839277.290197916
C39,-21932667.90482884,35486609.02056058,5098627.054598518
C39,-17910829.419699673,37797357.260820106,-3994719.6829457553
C39,-13266984.557138383,37751398.03550276,-12811446.325403247
C39,-9269446.03627947,35355095.032602355,-20741062.03703749
C39,-7011651.283607369,31253073.6022732,-27235481.923761226
C39,-7114966.457116909,26553160.09030228,-31847870.27686155
C39,-9560388.390338015,22525667.295582347,-34263731.31079061
C39,-13694528.850209933,20259437.863891125,-34322001.847266115
C39,-18407317.065238368,20368277.91731402,-32024846.658179462
C39,-22432214.812476445,22826843.89783518,-27535839.81892659
C39,-24687166.376540948,26979229.062161215,-21167111.12870672
C39,-24564487.788019273,31716626.632897973,-13356770.76036287
C39,-22092574.700902533,35775334.364474446,-4638454.072881823
C39,-17927164.60917456,38074899.91679515,4394825.83767991
C39,-13175389.612190314,38006303.07675243,13130159.40420123
C39,-9099959.728633966,35593892.683353685,20975149.62809072
C39,-6782187.112209858,31488417.270096734,27396884.08833869
C39,-6833255.58477607,26793068.58727917,31957216.867683988
C40,-24904029.62368746,25573767.747969054,-22671692.29535779
C40,-25318570.79811158,30373403.583422463,-15060845.566066362
C40,-23283503.175338116,34759998.959562995,-6428614.653283173
C40,-19334453.886046667,37566838.84485773,2639084.6987546408
C40,-14517575.909509761,38049454.5756327,11527961.455921844
C40,-10110689.64729962,36083869.16856106,19635567.7466782
C40,-7282719.399348658,32199737.41912752,26410797.53921724
C40,-6781580.476162331,27439389.70211395,31390423.82158294
C40,-8733505.361659575,23079630.0899267,34230502.315541744
C40,-12607877.314021086,20289693.426956877,34730606.4334937
C40,-17358143.677061323,19816438.470160794,32849081.472426493
C40,-21702391.64568631,21781633.591927014,28707888.57989347
C40,-24469053.399255946,25647103.389485132,22586169.84787262
C40,-24914511.331481863,30358714.104541384,14902437.815899925
C40,-22925803.92392212,34631450.273655795,6186219.522841621
C40,-19052178.3340671,37298601.14096026,-2959012.8700124407
C40,-14355948.843916401,37629634.775003195,-11898878.490264658
C40,-10123069.492404398,35529380.06394079,-20013666.125315975
C40,-7512796.564940095,31563759.116113167,-26742730.050243527
C40,-7242582.274529371,26805327.190232225,-31624120.631584547
C40,-9394171.50572894,22541566.347403854,-34326405.77113301
C40,-13392951.971163219,19926168.2321178,-34670486.31591732
C40,-18164839.097985454,19668224.262920573,-32640185.60922093
C40,-22426873.674974307,21842809.357215956,-28381366.445402198
C41,-7545067.930659434,-14252770.59413479,-22715872.884845305
C41,-2429177.0340504004,-21119175.738838285,-18011937.745877177
C41,-148210.92951044254,-26353489.391145512,-9091209.557912001
C41,355901.92470259196,-27828308.14018264,1955514.0459994816
C41,1186445.8722738577,-24915802.119240083,12547200.09930042
C41,4239089.018546841,-18811733.32292706,20220164.629876558
C41,10069876.654612757,-11906625.192656169,23198315.053295035
C41,17492778.691431377,-6548721.348939965,20796278.904265996
C41,24119067.44128715,-3858562.584178052,13571298.314324275
C41,27553094.240451872,-3218511.3436367027,3195745.7762516034
C41,26615433.858892374,-2703023.257218194,-7922373.906485184
C41,21945772.651491214,-220650.29232320376,-17191933.365765437
C41,15658762.072402257,5242950.995089721,-22442905.308062226
C41,10229358.51279136,12955920.241482524,-22440659.736249816
C41,7204165.223674571,20718681.171700757,-17182980.75534249
C41,6435835.8173207035,25950387.626024697,-7902958.424806058
C41,6254184.534935764,26999908.957999434,3224947.2705802335
C41,4474379.747052623,23973736.547656268,13601923.726105196
C41,-313190.31020531803,18639117.436274115,20815550.780853096
C41,-7872467.43206005,13464433.84900562,23196982.583286818
C41,-16336413.59473415,10317973.817425925,20198885.928402867
C41,-23096979.39150923,9517276.333284143,12516097.414706158
C41,-26100989.42989206,9727870.912942603,1927258.6257300738
C41,-24870772.110051885,8762090.348533556,-9109102.007223966
C42,20863790.811200086,-18010132.357340727,4297281.052620249
C42,18852429.232729234,-14644345.742175896,14468844.552068379
C42,16432379.235748202,-7595348.689551266,21271862.583475377
C42,15594468.067754693,1618640.3904809547,23131298.32294819
C42,16955935.30096084,10418175.570078956,19621412.641863752
C42,19425191.926761184,16424297.790741693,11558156.036803091
C42,20803938.792526767,18612131.765757594,811015.514167144
C42,19005485.979246583,17750703.218275633,-10124002.324582143
C42,13240935.215335557,15897721.086403662,-18698722.616214123
C42,4535116.770841087,15217793.052308664,-22906752.189872652
C42,-4714936.886097213,16758316.866870228,-21758040.570651565
C42,-11912894.898961997,19847470.992811047,-15517550.51742712
C42,-15542082.074030144,22446344.43288074,-5645986.886300473
C42,-15863289.372728102,22267592.028041843,5545903.49821431
C42,-14659523.15054819,18052472.90175977,15444826.175878625
C42,-14175333.921138203,10312567.97469785,21748726.06894242
C42,-15832168.647740606,1137743.0154323173,22999078.138142403
C42,-19412516.720836975,-6822729.689638648,18911226.77408285
C42,-23145654.5757698,-11662536.577253696,10434699.24736567
C42,-24646699.946618896,-13118250.37345951,-465074.7725565163
C42,-22210850.644359034,-12595676.835174758,-11255853.913438741
C42,-15774132.163157297,-12310760.707164012,-19421999.164045855
C42,-7021775.785963522,-14003921.745440524,-23051760.236161206
C42,1424327.6399322264,-17921199.25198037,-21290244.087650258
C43,2427059.6377683654,-16076342.042408422,22669934.508351583
C43,11412586.19720209,-15370670.92239398,20301961.93968202
C43,18384935.196944945,-16334632.545168824,13201921.863576265
C43,21713833.746008795,-17286743.712148324,3026750.4203431513
C43,21410325.97157236,-16112283.159468176,-7853161.712436292
C43,19029049.083528228,-11478053.799395738,-16905821.684110567
C43,16764284.93718556,-3644909.871000692,-22024949.1206452
C43,16227917.07016162,5560380.99399977,-22017785.787300996
C43,17564972.927626684,13603851.058314733,-16882576.554131757
C43,19381271.362584323,18481531.99849333,-7812027.6043882705
C43,19524045.118580468,19679673.546327133,3080821.2032783944
C43,16297588.661413297,18346685.505044147,13254346.836098982
C43,9457292.114299953,16586377.151189398,20333745.096330393
C43,441116.69255844783,16256476.48642406,22668044.560915038
C43,-8291239.878346049,17924107.00789351,19715606.420487802
C43,-14459910.954341775,20542827.96850532,12168133.823095186
C43,-17066563.611856837,22023878.110453762,1786515.214904594
C43,-16811990.947631624,20392187.476564445,-9011108.734064696
C43,-15613452.942544878,14904429.957713354,-17712056.750300318
C43,-15487141.305953471,6527904.383741814,-22291786.35773674
C43,-17398655.575312562,-2478568.5204462,-21682804.866107818
C43,-20699381.753232658,-9662169.959090907,-16023350.336983083
C43,-23453465.87536232,-13571742.069551818,-6628502.1689837305
C43,-23483957.890665572,-14417297.87126487,4312639.022675687
C44,27554237.536020603,4219517.793760935,1635777.381598275
C44,25948484.651173893,4784154.278954575,-9151698.532007612
C44,20528577.27142097,6424316.612522425,-17810929.010220353
C44,13136218.788865305,10416351.920082195,-22328109.094635893
C44,6215200.125402792,16484346.650595542,-21650194.99850529
C44,1578900.3919920642,22852676.617057253,-15930306.523727695
C44,-467686.5911262436,27121431.728680693,-6496409.325536174
C44,-1184475.1892734473,27502983.512352463,4453426.838788553
C44,-2602260.7969462583,23758991.754587024,14362890.964451287
C44,-6308567.4092221055,17331883.04078906,20917419.78900206
C44,-12474527.850240955,10597503.644157913,22588188.81514098
C44,-19654480.51591848,5641300.275753378,18989234.188952725
C44,-25470372.844470438,3215977.607519754,10964303.882764133
C44,-27814983.080619667,2436172.9171981816,386105.1435230119
C44,-25930436.217067074,1365865.1146224104,-10282165.237363117
C44,-20787560.674982984,-1824826.0657547265,-18559336.502092294
C44,-14566707.689378992,-7759141.228813067,-22520290.465157848
C44,-9519021.158410273,-15402516.088567559,-21241011.44449654
C44,-6814686.753602074,-22507197.158240516,-15014464.58560198
C44,-5990879.225407304,-26722654.72100293,-5287006.434915638
C44,-5293903.1159008015,-26784371.197936222,5674230.605169663
C44,-2731212.7930131815,-23145360.059653167,15309921.632852342
C44,2736897.9274961725,-17709318.213586926,21369560.762192376
C44,10515653.240780173,-12808755.59649145,22440245.50286923
C45,12049117.709017877,24342370.969415616,-6359130.657527252
C45,11565684.647245815,24960315.244213164,4590382.5360932
C45,8546879.31648621,22256848.077591524,14467977.771444824
C45,2265324.483760006,18251078.9729902,20967237.009878475
C45,-6319851.764419572,15124401.29388353,22572230.950795386
C45,-14957485.605839543,14046064.36087815,18911640.188458007
C45,-21195696.53993162,14572022.671006735,10842765.584798833
C45,-23587780.998164106,14937182.780163558,248305.1614201266
C45,-22371138.92099623,13078575.196478184,-10404190.985518523
C45,-19261899.641673896,7835266.351180762,-18636287.663560655
C45,-16481093.817378761,-321916.71487932047,-22532870.854170468
C45,-15536806.712014485,-9425039.373635687,-21185338.70065315
C45,-16414432.69411401,-16941547.656320184,-14903524.75988204
C45,-17608733.98569775,-21013530.952493563,-5147289.702102462
C45,-16982103.009083655,-21346857.406132735,5809793.312235929
C45,-12988501.592010925,-19276077.8555052,15410230.695057021
C45,-5600694.511041691,-16971433.759226166,21412393.730271723
C45,3565238.923009358,-16217989.628208905,22416673.67882879
C45,12000751.408126142,-17428541.365121074,18192062.688644085
C45,17531121.8392336,-19423074.84536531,9727234.839482952
C45,19363289.24569625,-20091058.719309546,-1003208.2905681137
C45,18399953.233479608,-17576980.52919212,-11500415.52799503
C45,16659347.715875058,-11349839.474918423,-19322233.67498477
C45,16117881.69859339,-2581192.106748931,-22648837.302656215
C46,-12151283.901450222,13010383.990047164,21462244.43106294
C46,-15979365.371481594,4638930.024723782,22389249.269877993
C46,-21144442.17022325,-2107851.49645363,18092737.850150544
C46,-25548082.88399481,-5925000.590117684,9580249.195715198
C46,-26969300.580333482,-7170137.561024615,-1162198.6610145748
C46,-24247928.954153385,-7547600.008922659,-11634718.111912247
C46,-17924316.838634778,-9075069.819603942,-19403207.019231856
C46,-9995073.749286687,-12892210.026912192,-22661098.17578248
C46,-2914594.741005267,-18551808.63486007,-20646772.89955025
C46,1629086.6571512762,-24176548.001399145,-13822886.849875966
C46,3515371.352139197,-27404810.893227197,-3774652.2664503804
C46,4142518.076528497,-26625722.513924785,7154841.089112781
C46,5556098.132377491,-21841403.744926978,16411956.156576633
C46,9227490.899371242,-14688407.268560473,21833657.112982757
C46,15148892.209654976,-7603568.99823291,22156546.906055145
C46,21739814.75121317,-2583678.387176713,17310876.353172634
C46,26618057.913207848,-205426.77347698528,8431933.627298975
C46,27820989.457980663,573963.8861534069,-2409506.9183111656
C46,24823546.453162298,1738338.0281126937,-12691025.024675827
C46,18811458.730323814,5028814.8082741685,-20023005.121004168
C46,12066815.413584722,10893476.272716513,-22699992.29430038
C46,6793944.854432809,18135674.29470903,-20095045.316916466
C46,4008954.1044777865,24454670.605509114,-12808323.864864131
C46,3083151.8343532523,27598061.06464117,-2533487.6295666564
C47,-11177329.691708509,13162668.483195586,-21910630.71943994
C47,-19124029.256001905,12057190.28517443,-16342610.985705335
C47,-24027263.600891903,12347937.926485298,-6961827.376180602
C47,-24829530.011377722,12065440.61211558,4043214.5170905152
C47,-22232343.060926363,9243192.383145727,14105414.59996679
C47,-18261440.152437937,3080870.0713587943,20879790.952393517
C47,-15146247.31791984,-5510399.855188342,22790055.490656912
C47,-14118777.585445646,-14277647.69550426,19393509.345571604
C47,-14776046.177348511,-20716105.436061487,11481923.634495325
C47,-15344824.41256346,-23301285.497201495,897100.4929854117
C47,-13703949.161834264,-22209515.82287015,-9896471.047670785
C47,-8613441.270200595,-19145436.054680545,-18384240.0059207
C47,-487129.62391469954,-16371617.320307495,-22587113.04517233
C47,8711604.47868495,-15462880.331236104,-21523416.3425192
C47,16402011.551545203,-16455582.530640393,-15439341.730110442
C47,20652890.257399708,-17849949.09392609,-5753202.650230009
C47,21109676.955183335,-17464430.6516187,5275195.66275923
C47,19087706.319304287,-13680502.842966236,15073481.874269348
C47,16786069.205354437,-6403807.13354319,21358520.647390805
C47,16050188.047388181,2779509.7935010064,22668223.57285748
C47,17351514.587766796,11338269.25149773,18699677.44978372
C47,19531926.321507223,17033079.381723054,10377649.822978353
C47,20448318.32586468,18998271.44282025,-360550.37841794675
C47,18170796.77405997,18096185.862316918,-11014590.141050186
C48,-16124262.392431844,22246854.209344022,4884099.58082374
C48,-16381004.052300036,21723251.924158294,-6188920.616035673
C48,-15189365.10158621,17245574.270566665,-15818711.174070593
C48,-14724019.414994596,9382095.857911056,-21759039.101785317
C48,-16322091.815939918,223158.45608029328,-22624239.58115903
C48,-19709739.750270467,-7634103.911549586,-18212964.145927448
C48,-23119915.01415306,-12363465.9309336,-9554733.420673033
C48,-24239198.699693795,-13769185.34078258,1331007.9907054496
C48,-21474589.16732463,-13272242.831515398,11906803.639578806
C48,-14858109.95321951,-13037278.80992731,19709285.09756645
C48,-6101597.224417676,-14715369.723357992,22922364.40010047
C48,2229623.836383201,-18482070.818057,20798301.082223907
C48,7984813.047093751,-22889210.75710287,13830761.21725443
C48,10464384.805025365,-25612137.261383016,3641076.3797202017
C48,10675857.44050535,-24694594.86133533,-7397166.2075216295
C48,10676393.31677099,-19624455.203228448,-16710393.23273502
C48,12358938.424089976,-11660342.965351116,-22126142.587129723
C48,16339549.093362847,-3229687.1920089144,-22381162.272737388
C48,21549545.798917606,3281978.449386541,-17416484.00269722
C48,25755749.1179339,6704025.641042183,-8390686.898460858
C48,26731654.169003554,7591455.06033502,2591187.953646106
C48,23451339.944235943,7805530.390278845,12969486.605516855
C48,16664708.625086546,9396465.051411688,20327068.26222624
C48,8544889.748143936,13394557.494839866,22951498.907496598
C49,-9850498.868291277,-16762984.688025435,20007819.573668167
C49,-905357.4310510857,-16011772.334367212,22832321.79552318
C49,8039483.806207821,-17339283.788858846,20333794.323870163
C49,14577393.78783594,-19874053.843160935,13096490.78848225
C49,17497706.27234029,-21567090.505156834,2808051.9666183954
C49,17318824.26401396,-20326697.641532153,-8134458.2151026875
C49,15904499.441464081,-15200100.436654039,-17182840.88346686
C49,15374961.601807144,-6965408.832272565,-22230233.66324952
C49,16901281.243949536,2186546.625236055,-22100394.671055958
C49,20032139.511859767,9714530.885554891,-16821491.974749777
C49,22916285.863455605,13970656.841045506,-7621431.853942458
C49,23304031.026531946,14965283.566749895,3355955.3318509846
C49,19791110.53010325,14247001.741404124,13550357.828203028
C49,12634005.26001621,13965964.703164022,20583817.775839597
C49,3694130.2396600693,15629389.243001714,22816927.96382535
C49,-4462643.513378254,19223757.240008082,19730848.87983963
C49,-9830992.467338068,23178597.228607137,12046693.822058477
C49,-11922095.372201387,25192219.77993464,1556061.33836028
C49,-11904552.841606345,23476171.114782017,-9297032.811659979
C49,-11861630.3382276,17750026.51188138,-17985286.244454354
C49,-13569426.533227986,9451686.529102083,-22485640.029372625
C49,-17456083.482381403,1048408.0807910562,-21749092.22490307
C49,-22303772.77828322,-5186110.04667013,-15945062.196409754
C49,-25857199.230537817,-8279140.096221717,-6423976.0068619
C50,22288872.563476335,-11085495.028384414,12616833.426659355
C50,18594398.88266468,-5307334.597380401,20125910.24888007
C50,15568223.577875238,3180313.663695839,22946719.354117833
C50,14597393.513416711,12200781.78039961,20423029.40195788
C50,15441297.492013047,19178777.018985983,13142444.683683645
C50,16399072.69933944,22407384.10619044,2800097.416989025
C50,15284703.078894202,21861595.89422685,-8194710.32896045
C50,10684545.519179044,19126598.50445968,-17279246.040506694
C50,2818046.7811290296,16482103.608316872,-22335273.49564416
C50,-6466328.968752581,15637199.381933002,-22183646.750733756
C50,-14563657.027295591,16797751.37306271,-16859528.46606206
C50,-19391043.404344827,18568265.3656345,-7604308.96499816
C50,-20391791.925525393,18740379.188961595,3423915.3012257353
C50,-18731594.527763642,15542404.917808777,13654217.056389293
C50,-16586385.058522247,8674987.571154267,20703007.7708379
C50,-15909332.84207471,-427533.5172531884,22929202.832275897
C50,-17342693.09731444,-9254026.544500504,19815002.433903024
C50,-19859566.807503317,-15443905.729746629,12085460.424377525
C50,-21327591.880468074,-17933477.30092051,1540332.9770241359
C50,-19692236.6070334,-17413428.824485272,-9363684.961381141
C50,-14143641.055633057,-15856851.647614185,-18084910.74279256
C50,-5636957.998806998,-15374861.25133297,-22589772.63773041
C50,3518243.169166127,-17018465.16515694,-21827629.357607257
C50,10784119.503859013,-20173928.110161416,-15976000.701949015
C59,-32343389.115861133,27051248.33649462,532850.3837161867
C59,-32337331.394053213,27064504.975261558,4675.0976136168665
C59,-32325964.018044483,27073676.264630403,-524099.43311168463
C59,-32311377.665324878,27076850.491035216,-1017249.779715248
C59,-32298061.667639546,27073122.12585938,-1440981.312266018
C59,-32288825.89437343,27063970.346992128,-1766245.9255008812
C59,-32285757.551302873,27052030.65371719,-1970742.8510446616
C59,-32289304.445999224,27040573.890466396,-2040435.3775153575
C59,-32298196.5924078,27032595.858907044,-1970512.271337282
C59,-32309810.2035634,27030010.432551228,-1765732.0138217728
C59,-32320895.03469895,27033143.49428552,-1440096.2171789585
C59,-32328471.517031353,27040654.486936744,-1015896.5306598635
C59,-32330637.444077317,27049930.869108032,-522191.8699496801
C59,-32327083.52142506,27057821.951189574,7182.801130031489
C59,-32319164.184622224,27061529.213834114,535937.5448690872
C59,-32309510.902316336,27059403.465809803,1027819.7764520969
C59,-32301292.79168252,27051428.405587934,1449103.0903633102
C59,-32297317.063834384,27039271.94633672,1770910.1150916924
C59,-32299251.978673592,27025836.514083818,1971161.239682629
C59,-32307128.294439726,27014516.659244318,2036139.1073893614
C59,-32319297.076018173,27008284.344342876,1961395.262691376
C59,-32332861.860423293,27008873.386493854,1752049.7333924668
C59,-32344434.17127644,27016311.379246052,1422440.1160503796
C59,-32351036.040769033,27028892.944424845,995138.3688900247
C60,7256597.688850794,41538122.86647704,366560.53853125614
C60,7269262.766660332,41533929.241334595,-143484.2786339197
C60,7278157.024383205,41524096.06617244,-643680.9271320059
C60,7280655.078291419,41510672.752028145,-1099764.5933080383
C60,7275540.70392633,41496771.11311635,-1480475.2195207514
C60,7263376.78461597,41485760.09199435,-1759704.529792674
C60,7246407.428684751,41480381.77655719,-1918292.8087795947
C60,7228021.605397579,41482027.41601899,-1945350.3413488227
C60,7211919.4515008535,41490367.56057851,-1839009.7102932956
C60,7201200.32879553,41503435.003944784,-1606556.3231213086
C60,7197614.12875445,41518136.80849868,-1263926.7908336984
C60,7201170.084157814,41531056.864695884,-834611.4467669456
C60,7210199.782237831,41539337.08771706,-348037.9352327531
C60,7221853.0484975,41541402.39050099,162450.8971137833
C60,7232890.989345883,41537339.10835326,661885.1032217041
C60,7240560.69231844,41528828.76247104,1116063.3738512616
C60,7243319.776053016,41518657.49125992,1493893.6431423868
C60,7241213.541496869,41509935.190053426,1769518.0415494638
C60,7235813.138890903,41505235.0945335,1924078.7969388491
C60,7229725.435674104,41505887.000547476,1947004.0511899097
C60,7225817.020891332,41511613.84010776,1836727.8762423277
C60,7226360.082872857,41520610.88340115,1600795.6185913985
C60,7232339.742966622,41530046.51632745,1255347.6120039318
C60,7243107.527255773,41536849.36858428,824017.277226873
