C01,-34302331.811,24485421.404,-421002.044
C01,-34300106.91599999,24477589.752,-784005.5499999999
C01,-34299719.945999995,24466798.268,-1093295.185
C01,-34302420.005,24454425.337,-1327645.5089999998
C01,-34308778.604,24442494.857,-1470976.808
C01,-34318445.526,24433224.915,-1513461.3059999999
C01,-34330146.899,24428503.097,-1452195.616
C01,-34341933.177999996,24429423.189,-1291393.878
C01,-34351618.17699999,24436004.285,-1042090.585
C01,-34357297.917,24447167.540999997,-721376.2980000001
C01,-34357814.64,24460979.281,-351221.10099999997
C01,-34353043.809,24475099.496999998,43032.123
C01,-34343927.494,24487320.687,434401.146
C01,-34332244.063,24496058.28,796106.739
C01,-34320173.852,24500667.106000002,1103399.351
C01,-34309774.535,24501505.11,1335246.9000000001
C01,-34302503.606,24499733.552,1475769.908
C01,-34298912.092,24496913.677,1515326.833
C01,-34298587.348,24494514.119,1451175.8890000002
C01,-34300355.14,24493467.154000003,1287668.067
C01,-34302680.79,24493897.842,1035957.1880000001
C01,-34304155.219,24495101.89,713245.149
C01,-34303928.82,24495778.645,341611.91500000004
C01,-34301970.977,24494453.688,-53491.754
C02,4428744.726,41934914.926,1731463.5969999998
C02,4451670.858,41944015.718,1271590.047
C02,4478544.888,41946817.145,724756.066
C02,4505161.451,41940841.026,128300.916
C02,4526519.818,41925702.513,-477000.005
C02,4538025.871,41903349.532,-1049705.651
C02,4536653.08,41877683.994,-1550541.377
C02,4521756.005,41853657.009,-1945100.1819999998
C02,4495318.431,41836070.952,-2206224.719
C02,4461564.164000001,41828400.37100001,-2315899.833
C02,4426024.2360000005,41831940.660000004,-2266517.36
C02,4394295.885000001,41845508.565,-2061418.6749999998
C02,4370809.636,41865773.472,-1714672.903
C02,4357918.454,41888130.958000004,-1250104.785
C02,4355536.614,41907885.368,-699641.356
C02,4361408.506,41921426.143999994,-101096.28
C02,4371918.887,41927085.762,504449.075
C02,4383212.21,41925454.899,1075481.1460000002
C02,4392308.6450000005,41919078.613,1572906.4330000002
C02,4397909.856000001,41911625.514,1962722.719
C02,4400676.619,41906764.287,2218327.778
C02,4402908.31,41907059.885000005,2322312.537
C02,4407720.075,41913194.81,2267623.565
C02,4417953.235,41923731.32,2058023.7689999999
C03,-14816486.643000001,39513695.087,272201.23
C03,-14792670.821,39520966.1,-100114.407
C03,-14769127.353,39522250.397999994,-465651.71900000004
C03,-14748691.626,39517603.787,-799422.272
C03,-14733740.738,39508094.998,-1078580.925
C03,-14725768.239,39495530.291,-1283985.5720000002
C03,-14725155.889,39482020.332,-1401512.6339999998
C03,-14731190.504,39469501.505,-1423036.84
C03,-14742312.923,39459332.809,-1347005.035
C03,-14756529.534,39452067.561000004,-1178560.267
C03,-14771878.116,39447452.118,-929203.498
C03,-14786828.368,39444643.231,-616012.8439999999
C03,-14800517.551,39442576.841000006,-260472.19
C03,-14812768.428,39440380.185,113010.205
C03,-14823897.733,39437707.566999994,478789.228
C03,-14834382.075,39434901.589,811756.948
C03,-14844488.139999999,39432930.596,1089077.01
C03,-14853984.039,39433116.134,1291756.531
C03,-14862025.542,39436724.153000005,1405945.565
C03,-14867260.973000001,39444533.734,1423875.324
C03,-14868135.864,39456506.023,1344373.586
C03,-14863319.84,39471651.612,1172926.899
C03,-14852139.857,39488142.717,921290.579
C03,-14834897.198,39503651.236999996,606677.4430000001
C04,-39565128.537999995,14437066.514,-1044146.0340000001
C04,-39565713.278000005,14419178.728999998,-1381047.8530000001
C04,-39570135.422,14400438.839,-1623185.983
C04,-39579336.695999995,14383623.083,-1753970.3190000001
C04,-39593033.379,14371793.336000001,-1764475.96
C04,-39609641.752000004,14367576.083,-1654041.932
C04,-39626558.603999995,14372496.073,-1430296.764
C04,-39640732.052,14386540.23,-1108615.223
C04,-39649378.853,14408070.949000001,-711049.5210000001
C04,-39650662.814,14434119.053000001,-264812.53400000004
C04,-39644156.572,14460988.807,199581.626
C04,-39630964.208,14485026.489,650393.895
C04,-39613470.34,14503361.788,1056815.1909999999
C04,-39594779.084,14514438.91,1391057.557
C04,-39577987.665,14518210.077,1630243.236
C04,-39565482.495,14515953.412999999,1757965.8930000002
C04,-39558438.755,14509776.173,1765418.32
C04,-39556649.684999995,14501946.342,1652008.362
C04,-39558723.04,14494239.599000001,1425418.0189999999
C04,-39562583.275,14487481.65,1101097.178
C04,-39566135.738,14481409.696,701221.797
C04,-39567905.848000005,14474886.496,253183.74399999998
C04,-39567474.100999996,14466400.299999999,-212286.717
C04,-39565585.333000004,14454701.706,-663237.171
C05,21917473.369,36027258.254,1570280.3260000001
C05,21924316.22,36017433.736999996,1335475.799
C05,21928586.963000003,36008445.606,1009301.184
C05,21928903.456,35999462.403,613983.2810000001
C05,21923576.12,35990387.614,176532.756
C05,21911180.357,35982055.644,-273088.571
C05,21891143.908,35976113.436,-704019.611
C05,21864175.501000002,35974612.959,-1086630.964
C05,21832400.119000003,35979423.074999996,-1394584.462
C05,21799143.015,35991622.34599999,-1606671.844
C05,21768397.391999997,36011043.077,-1708296.783
C05,21744094.668,36036099.832,-1692490.73
C05,21729349.698000003,36063962.805,-1560388.7689999999
C05,21725862.367999997,36091047.096,-1321133.8229999999
C05,21733619.794999998,36113705.632,-991221.4249999999
C05,21750968.634,36128958.313,-593338.303
C05,21775033.918,36135078.457,-154782.955
C05,21802374.139,36131893.114,294416.996
C05,21829704.92,36120727.228999995,723558.664
C05,21854510.678999998,36104013.168,1103349.3960000002
C05,21875398.234,36084672.558,1407885.783
C05,21892118.768,36065433.929,1616397.794
C05,21905275.522,36048262.55,1714646.347
C05,21915819.264000002,36034044.952999994,1695884.953
C06,-1766327.078,28367293.193,31334315.341000002
C06,-4626949.89,24861812.627,33869260.225
C06,-8858008.302000001,23275127.798,34100395.000999995
C06,-13314852.287,24030405.676999997,32005097.469
C06,-16792917.272,26919886.739,27719154.466
C06,-18352366.700999998,31158708.344,21529556.309
C06,-17573121.72,35594970.882,13856662.099
C06,-14670482.804,39020638.372,5226444.558999999
C06,-10438561.114,40499555.063,-3765592.2460000003
C06,-6035571.734,39623034.222,-12496354.055
C06,-2668838.346,36622446.158,-20359771.141000003
C06,-1265607.449,32307233.379,-26810489.177
C06,-2220111.862,27845023.988,-31403032.541
C06,-5286275.971,24444265.864,-33823257.929
C06,-9645007.359,23026545.796,-33909698.835
C06,-14126809.370000001,23978013.748,-31663410.046
C06,-17528163.012000002,27046837.220000003,-27245991.542
C06,-18935391.235999998,31413149.407,-20966452.667000003
C06,-17968852.089,35911086.971999995,-13258364.996
C06,-14882848.261,39342077.383999996,-4649297.921999999
C06,-10495889.859000001,40795092.585,4275162.038000001
C06,-5971121.949,39888787.761,12910399.629999999
C06,-2505965.601,36871895.291,20672393.863
C06,-1013387.226,32555941.325,27035724.389
C07,-18000358.868,31452743.557,-21623729.335
C07,-17982780.767,35180623.239,-14937102.865
C07,-16102304.614999998,38411609.396,-7232145.505000001
C07,-12858763.84,40286459.324,964740.892
C07,-9113771.986,40310410.414,9096202.955999998
C07,-5860048.93,38484177.941,16610975.48
C07,-3956640.35,35302569.745,23000078.211
C07,-3900287.0579999997,31621581.793,27830097.301999997
C07,-5693418.82,28429413.397,30771690.396
C07,-8843787.751,26582080.416,31621685.862999998
C07,-12496157.012,26573783.139,30317401.893999998
C07,-15661544.41,28403391.426999997,26942115.793
C07,-17483303.123999998,31573387.080000002,21721005.591000002
C07,-17468817.791,35222577.4,15007398.101
C07,-15623971.376,38357895.078,7259799.526
C07,-12453076.781,40123281.89,-989073.029
C07,-8823201.156,40032737.896,-9169274.275
C07,-5729007.664,38103603.597,-16713965.788
C07,-4021989.97,34853022.642000005,-23099980.291
C07,-4178230.9459999995,31158070.91,-27885350.329
C07,-6168417.091,28017709.987,-30740762.489
C07,-9465608.103,26281810.22,-31472468.02
C07,-13188226.18,26421319.637000002,-30035004.037
C07,-16338692.427,28401896.864,-26533025.884999998
C08,-8081000.638,41084878.647,-3530126.414
C08,-2514895.477,39878670.096,-13024794.051
C08,1691468.555,36018881.733,-21618383.77
C08,3389911.9359999998,30550377.823,-28718006.956
C08,2113007.9869999997,24953629.766,-33836320.199
C08,-1800274.41,20743150.181,-36625094.747
C08,-7297785.868,19058105.244,-36898344.232
C08,-12899712.220999999,20355995.279,-34643642.133
C08,-17098060.975,24291310.22,-30021258.187
C08,-18761965.428,29810425.766,-23351645.219
C08,-17440260.919,35435820.436000004,-15092540.296
C08,-13481224.196999999,39662570.448,-5807483.909
C08,-7938534.884,41360982.603999995,3872075.57
C08,-2289242.659,40078319.710999995,13288701.65
C08,1960962.929,36159682.179000005,21802403.665999997
C08,3680271.0069999998,30655987.777999997,28833033.235999998
C08,2413993.985,25043227.929,33899119.478
C08,-1492601.777,20827261.075,36650725.998
C08,-6985535.5879999995,19139272.112999998,36894123.009
C08,-12584185.466,20430350.081,34606414.077
C08,-16779529.482,24348057.663,29938767.722
C08,-18441780.384999998,29829622.093000002,23207591.729
C08,-17126963.244999997,35387989.526999995,14873835.424
C08,-13198413.666000001,39514175.138,5511556.248
C09,5975913.146,32444908.66,27141310.108000003
C09,4447803.869,28191785.783999998,31752737.264
C09,1023024.463,25342521.478,34267449.862
C09,-3351236.352,24647177.281,34509763.964
C09,-7478338.964,26281848.450000003,32448903.924
C09,-10229677.165,29798265.020999998,28204660.2
C09,-10848098.923,34238071.30100001,22044722.565
C09,-9156701.846,38385459.387,14372510.512999998
C09,-5614371.551,41094219.368999995,5704705.96
C09,-1198372.3090000001,41602364.45999999,-3361456.1870000004
C09,2858716.144,39747013.682,-12189790.139
C09,5408077.983999999,36016584.189,-20152763.69
C09,5705567.159,31421651.11,-26680790.296
C09,3622611.938,27218008.645999998,-31308025.255
C09,-314403.662,24559460.468000002,-33709521.359
C09,-5068076.476,24179187.006,-33725646.858
C09,-9375508.788999999,26189913.039,-31371503.223
C09,-12093407.952,30057486.123999998,-26831231.483
C09,-12505830.298,34751804.971999995,-20439029.216
C09,-10511259.235,39029410.342,-12650013.524
C09,-6641907.364,41767851.378,-4004601.791
C09,-1914948.1069999998,42261454.004,4910073.599
C09,2440630.8159999996,40402037.981,13498811.519000001
C09,5307671.155,36700707.932,21194933.655
C10,-10762802.59,31631339.495,-25657260.541
C10,-11465403.603,35365211.932,-20045587.305
C10,-10203292.265,38961673.56299999,-13066804.254
C10,-7308937.306,41475588.150000006,-5203185.61
C10,-3540098.3649999998,42254283.366000004,3010749.996
C10,123392.481,41107281.517000005,11023611.559
C10,2738494.377,38352758.24,18301849.696000002
C10,3645643.4519999996,34730552.948,24362242.719
C10,2639808.338,31205597.104000002,28800959.532
C10,22312.071,28713039.225,31318220.341000002
C10,-3479890.493,27910899.769,31737630.032
C10,-6907202.273,29004494.175,30019197.112999998
C10,-9323350.659,31689316.663000003,26264961.281
C10,-10067709.435,35229318.817999996,20716150.903
C10,-8936539.354,38652326.13,13741001.925
C10,-6242640.682,41012393.780999996,5812891.347
C10,-2734350.4549999996,41648955.481,-2520696.099
C10,606831.9330000001,40371119.33,-10676714.684
C10,2835943.2569999998,37514251.961,-18079758.019
C10,3306911.773,33850914.75,-24206063.169
C10,1853505.914,30379618.521,-28623989.474999998
C10,-1162643.158,28050280.508,-31026864.91
C10,-4950424.942,27503601.851999998,-31255016.994000003
C10,-8505629.516,28897112.772,-29305230.933
C11,11365501.149,-12387270.724,22346637.877
C11,19396504.673,-11110593.321,16780980.098
C11,24394908.853,-11455542.671,7323175.214
C11,25170131.621,-11407312.024999999,-3836478.6319999998
C11,22348892.753,-8864900.433,-14099927.707
C11,17993947.947,-2877533.5209999997,-21064725.959
C11,14469847.889999999,5720351.858,-23093222.971
C11,13165056.51,14633076.685,-19706691.545999996
C11,13766380.092,21223801.348,-11702061.468
C11,14481706.265,23828441.446000002,-959678.465
C11,13084423.097000001,22553832.529,10007836.641
C11,8203851.866000001,19136902.995,18649370.508
C11,161075.615,15954871.352,22965755.052
C11,-9094325.121,14726960.435,21962561.012
C11,-16909002.05,15598898.167,15871540.996
C11,-21225421.101,17090479.883,6098528.307
C11,-21576311.593,16933150.92,-5091947.345
C11,-19248931.562999997,13356551.525999999,-15093001.985000001
C11,-16526238.934,6136525.125999999,-21562276.572
C11,-15406965.196999999,-3168840.919,-22978016.334
C11,-16497490.212000001,-11937650.245000001,-19005811.619
C11,-18682730.228,-17778398.783,-10580411.432
C11,-19757291.031,-19701987.866,319777.738
C11,-17668898.233,-18540864.984,11146721.773
C12,25742021.108,-765841.826,10803010.859
C12,27911827.509999998,-146915.983,-52671.329999999994
C12,25674624.801000003,514547.29799999995,-10895278.888
C12,19962776.161000002,3223704.2139999997,-19194971.311
C12,13057405.121,8771792.36,-23009344.125
C12,7402635.2870000005,16193566.397,-21443061.895
C12,4353073.284,23182626.883,-14861898.917000001
C12,3529406.532,27248360.121000003,-4807009.643999999
C12,3126774.33,26992908.823999997,6370491.073
C12,1001419.0650000001,22820701.134,16064473.915000001
C12,-4059649.732,16703194.952999998,22022540.671
C12,-11573649.869,11132555.667000001,22864953.915999997
C12,-19511583.132,7827764.076,18398177.814
C12,-25283494.041,6880016.260000001,9657521.42
C12,-27039952.432,6787052.732,-1328871.731
C12,-24601948.547,5355924.390000001,-12004841.014
C12,-19522848.733,991362.194,-19878542.93
C12,-14244868.341,-6325362.166,-23106699.44
C12,-10799984.798,-14903285.581,-20931224.226
C12,-9755311.271,-22136987.142,-13860755.146
C12,-9972806.849000001,-25808377.826,-3550894.4729999998
C12,-9310040.404,-25195701.963,7588271.022
C12,-5876051.024999999,-21395161.487,16960517.854999997
C12,842178.921,-16689435.931,22389059.145999998
C13,-4726870.255,41746184.063,245268.63
C13,538238.286,40945392.658999994,-9221104.194
C13,4682554.864,37576948.576000005,-18046857.177
C13,6565269.6850000005,32548085.869,-25616869.805
C13,5657353.121,27220141.585,-31403200.065
C13,2187505.924,23038247.168,-35003813.322000004
C13,-2919234.0829999996,21137785.686,-36171652.275
C13,-8293168.181999999,22036060.826,-34831632.173999995
C13,-12492027.513999999,25493510.226,-31084396.313
C13,-14390928.737,30581226.376,-25196986.063
C13,-13484005.96,35934500.442999996,-17581753.978
C13,-10017166.487,40121814.288,-8765726.155000001
C13,-4918306.362000001,42028787.075,646863.142
C13,453977.534,41154362.758,10015967.096
C13,4674415.312,37741537.996,18708247.464
C13,6630476.965,32709664.933,26138176.373999998
C13,5817044.608,27407703.248000003,31805504.579
C13,2469251.96,23254291.115,35327211.471
C13,-2501065.133,21359614.906999998,36462344.541999996
C13,-7748676.337,22228713.114,35128413.186
C13,-11854371.307,25624934.619,31408257.962
C13,-13705841.823,30630843.936,25546627.304
C13,-12798605.477,35892106.323,17936120.075
C13,-9375349.048,39980896.151,9092739.724
C14,16053411.147,-22179060.481,-5226275.826
C14,16270125.491999999,-21837382.815,5967160.544000001
C14,14969631.616,-17468669.276,15766134.782
C14,14398013.361,-9613338.623,21884750.628999997
C14,15964097.409,-386722.114,22902822.458
C14,19430342.112,7554093.966,18591484.211
C14,23014289.972,12319148.23,9959037.635
C14,24341548.494999997,13676027.414,-986854.83
C14,21739057.507000003,13056265.040000001,-11703270.169
C14,15178751.688000001,12681727.091999998,-19697917.978
C14,6366151.528,14280611.973,-23105730.455000002
C14,-2079729.8649999998,18082133.513,-21125025.922000002
C14,-7924810.192,22634261.982,-14210624.193
C14,-10406598.021,25551000.596,-3973942.395
C14,-10526945.063,24793170.414,7192244.154
C14,-10394796.037,19791383.35,16677798.902999999
C14,-11979785.488,11800692.293,22270811.256
C14,-15957990.97,3294418.345,22674265.107
C14,-21275905.684,-3274253.715,17802341.443
C14,-25664855.59,-6679421.247,8793147.011
C14,-26827732.832000002,-7460414.552999999,-2258592.023
C14,-23664919.031,-7513441.211,-12785324.238
C14,-16887139.7,-8961489.161,-20338304.264
C14,-8686659.477,-12909224.491,-23154574.921
C16,-2897336.2739999997,27350254.997,32385941.286000002
C16,-5922697.794,23896235.364,34587199.169
C16,-10270812.01,22457998.851,34466221.885
C16,-14758251.125,23420439.709999997,32022410.1
C16,-18164692.82,26523446.162,27409823.814
C16,-19560518.27,30927861.449,20930172.973
C16,-18559667.547000002,35437369.749,13016036.912
C16,-15428629.347,38819419.735,4204418.837
C16,-11019388.871,40140087.216,-4898455.944999999
C16,-6541392.398,39021591.914,-13659183.687
C16,-3232587.406,35750122.571,-21463106.425
C16,-2019329.551,31201769.911,-27760301.141
C16,-3259879.815,26605074.336999997,-32107400.71
C16,-6643819.843,23205299.618,-34201203.38
C16,-11275930.184,21923907.878999997,-33900852.532
C16,-15920794.739,23108034.847,-31236690.029000003
C16,-19339290.156999998,26438695.588999998,-26405438.962
C16,-20623418.278,31021162.284,-19752847.756
C16,-19438205.862,35630192.577,-11746071.276999999
C16,-16106866.077000001,39041204.964999996,-2938735.196
C16,-11519225.287999999,40357156.7,6068182.117000001
C16,-6890864.745,39244417.113000005,14666714.749
C16,-3438874.651,36017009.349,22281020.126
C16,-2060255.4960000003,31549332.217,28403245.891999997
C19,-8850874.082,22678145.784,13692884.715
C19,-11167366.899,25376819.038000003,3325495.372
C19,-11129815.289,24375846.48,-7815205.691000001
C19,-10871831.783,19147190.612999998,-17135114.345999997
C19,-12358538.877,10985006.85,-22458792.953
C19,-16238005.48,2389805.2339999997,-22539488.786000002
C19,-21417043.099,-4179364.9429999995,-17354708.167
C19,-25597167.179,-7519059.498,-8114650.627
C19,-26486872.168,-8211816.218,3021177.0179999997
C19,-23037044.177,-8191520.859,13452522.082
C19,-16031951.198,-9585725.852,20749151.092
C19,-7718360.787,-13466982.890999999,23216735.803
C19,-674664.338,-19188884.155,20286089.529
C19,3475019.9510000004,-24662671.097,12640436.728999998
C19,4820980.652,-27426659.687,2056171.7899999998
C19,5003996.856,-25940358.43,-9006124.113
C19,6219220.731000001,-20414360.713999998,-17969962.821000002
C19,9923528.673999999,-12729889.631,-22742366.161000002
C19,15944625.770000001,-5485500.315,-22205074.158
C19,22478914.379,-677595.863,-16480162.831000002
C19,26987811.24,1278711.324,-6904356.818
C19,27514780.430999998,1663594.8499999999,4284410.657000001
C19,23714161.558,2644749.1369999996,14474048.342
C19,17037697.009,5991384.151000001,21291406.699
C20,-20217840.494,19121166.234,-2303513.296
C20,-18603481.393,16375541.012,-12846534.78
C20,-16329280.176,9799618.043,-20398051.215
C20,-15481843.316,716326.336,-23195805.917999998
C20,-16869591.787,-8343390.196,-20583164.258
C20,-19568441.871999998,-14880237.343999999,-13165943.177
C20,-21425533.705999997,-17650807.264,-2674089.255
C20,-20252208.81,-17222730.623,8442406.322999999
C20,-15061688.02,-15565405.033,17588919.167
C20,-6680029.658000001,-14902307.1,22634694.707
C20,2601364.736,-16449550.545999998,22408671.150999997
C20,10145717.608000001,-19722193.777,16967820.015
C20,14265869.604,-22779148.98,7580076.835
C20,15008396.1,-23273320.533999998,-3570797.159
C20,14015338.491,-19744582.008,-13890526.592
C20,13542602.218,-12463052.155,-20975380.189
C20,15163657.346,-3367633.1070000003,-23171451.930999998
C20,18856987.619,4873566.678,-19962307.695
C20,22972252.614,10184049.675,-12093198.132
C20,25098926.009,12077419.743,-1399910.547
C20,23372877.974,11800410.809,9620481.895000001
C20,17515613.22,11547648.683,18396172.698
C20,9043209.542000001,13177914.136,22883415.785
C20,531670.973,17129964.41,22041505.631
C21,20441800.211999997,-3377347.8570000003,18696831.388
C21,15439536.925,3743048.018,22955237.154
C21,12071865.623,12476481.108,21870160.714
C21,11091284.422,20258863.211,15697349.501
C21,11524187.558,24747316.042999998,5873441.697000001
C21,11268305.374,24982841.005,-5316836.055
C21,8312742.114000001,21832179.896,-15268984.219
C21,1924534.161,17474877.759,-21663099.753
C21,-6839475.583000001,14210180.961,-23005151.086000003
C21,-15578178.805,13223669.443999998,-18978284.216
C21,-21718762.196,13977059.975,-10520098.046
C21,-23793043.003,14550411.995000001,394837.20499999996
C21,-22134956.589,12751415.284,11217937.065
C21,-18626887.209,7389513.512,19425089.312
C21,-15636542.361,-977239.098,23106774.689999998
C21,-14721572.424,-10227648.696,21410166.593999997
C21,-15798578.37,-17697158.789,14733045.177
C21,-17218398.393,-21489681.792,4629101.383
C21,-16703681.613,-21386898.149,-6551737.7870000005
C21,-12645244.979999999,-18874996.969,-16206817.443
C21,-5060670.454,-16277350.091,-22085008.032
C21,4304240.3379999995,-15458962.014,-22812302.106
C21,12793699.059,-16799758.243,-18215322.149
C21,18148642.755,-18991414.221,-9365028.906
C22,8346290.499000001,13511694.845,22946504.709
C22,3133995.205,20487592.898,18696976.626
C22,749176.3690000001,26019015.319,10093057.419
C22,230265.087,27905964.478,-860600.7080000001
C22,-498593.442,25383669.172000002,-11614017.658
C22,-3396146.271,19519822.079,-19664013.67
C22,-9135784.152,12656630.895,-23135336.107
C22,-16631550.082000002,7195625.999,-21216837.866
C22,-23518580.663000003,4373581.539,-14352117.390999999
C22,-27337697.301,3682600.481,-4139331.0009999997
C22,-26794377.69,3243361.401,7039487.197000001
C22,-22417550.887000002,928280.927,16575355.817
C22,-16263356.489,-4375251.758,22244054.318
C22,-10824041.311,-12048682.661,22726193.435000002
C22,-7730295.92,-19963671.153,17912898.145
C22,-6942530.137,-25525172.252,8928031.4
C22,-6859506.199,-26980104.781999998,-2135296.609
C22,-5279580.301,-24294824.908,-12701687.516
C22,-693950.423,-19135321.998999998,-20311413.362999998
C22,6785879.395,-13962852.556,-23191494.5
C22,15368731.398,-10729610.061999999,-20668292.878
C22,22431167.588,-9872045.421999998,-13326381.93
C22,25825162.626000002,-10140306.003,-2875507.622
C22,24950084.290999997,-9354595.7,8246456.594
C23,-12494567.857,-23996898.895,6850232.509000001
C23,-12064639.197,-24843539.65,-4036130.335
C23,-9141421.181,-22361943.202999998,-13982331.304
C23,-2963303.8710000003,-18520467.73,-20671981.036000002
C23,5568244.384,-15480379.164,-22547419.628
C23,14250807.223,-14431548.876,-19171266.555999998
C23,20642233.445,-14976255.684,-11328479.584999999
C23,23259097.599,-15390248.207,-845285.8720000001
C23,22275695.501,-13619866.984000001,9834880.445
C23,19351834.748,-8477323.799,18221308.839
C23,16684415.998,-386857.458,22358206.994
C23,15795528.441,8725306.488,21281527.041
C23,16710604.245,16343621.929000001,15243317.682
C23,17968148.268,20593918.312000003,5652080.727
C23,17453891.691,21137452.32,-5256331.359
C23,13608364.544,19254308.846,-14940346.491
C23,6355758.863,17076807.449,-21144724.226
C23,-2748308.189,16388898.283999998,-22424757.147
C23,-11233603.111,17638319.559,-18481600.463
C23,-16918235.838,19692096.917,-10232282.363
C23,-18960036.064,20467015.587,402057.694
C23,-18198332.263,18097068.687,10942536.37
C23,-16606497.056,12009062.974,18930947.208
C23,-16153108.193,3323892.828,22504388.54
C24,12629071.626999998,-12337181.18,-21641840.007999998
C24,16458891.318999998,-4003478.498,-22198990.518
C24,21512439.023,2622755.971,-17592269.136
C24,25680497.711,6324113.687,-8888910.788999999
C24,26788937.986,7528974.078,1886782.8609999998
C24,23763527.063,7963039.777,12221560.236
C24,17233974.665000003,9603515.872,19700914.379
C24,9246993.088,13503214.685,22577202.834
C24,2238750.411,19125752.847,20180728.386
C24,-2181785.9250000003,24556280.268999998,13075045.011
C24,-3987080.13,27476524.474999998,2921360.514
C24,-4624584.852,26379814.536000002,-7912936.7700000005
C24,-6116579.324999999,21374461.95,-16907047.144
C24,-9857598.995000001,14147458.283,-21970869.013
C24,-15758350.754999999,7110157.105,-21926787.628
C24,-22196913.941,2181006.834,-16781624.998999998
C24,-26808224.705000002,-149507.116,-7728070.759000001
C24,-27696679.33,-976184.7370000001,3127374.01
C24,-24426535.937,-2275837.51,13252228.235000001
C24,-18256767.834,-5723023.551999999,20280789.632
C24,-11490018.949,-11668287.410999998,22570936.132
C24,-6284477.935,-18837858.333,19590173.596
C24,-3568147.315,-24922778.246000003,12038472.712000001
C24,-2636661.628,-27743043.377,1680697.275
C25,-621917.791,-25894081.5,-10432443.238
C25,2509383.596,-20656765.375,-18622431.888
C25,8325940.614999999,-14315027.574,-22480756.549000002
C25,15827704.205,-9119901.473,-21108708.84
C25,22800593.593000002,-6263487.956,-14822258.125
C25,26911059.744,-5318875.132999999,-5081836.865999999
C25,26887651.726,-4565609.782000001,5843686.804
C25,23158882.923,-2024744.914,15404840.537
C25,17603569.138,3356729.2109999997,21368908.099
C25,12546855.616,11016867.568,22344252.229999997
C25,9543047.753999999,18963621.162,18105860.950999998
C25,8599920.428,24739148.364,9645694.412999999
C25,8257639.779999999,26648719.112999998,-1061918.508
C25,6473042.608,24598227.148000002,-11522638.822
C25,1827585.925,20095999.748,-19302753.145
C25,-5593924.949,15422756.034,-22592920.254
C25,-14128222.531,12416381.617999999,-20626311.461000003
C25,-21307303.419,11520512.338,-13857138.731999999
C25,-25074593.878,11603839.738,-3858544.4529999997
C25,-24799265.774,10646332.091,7039893.352
C25,-21547313.172,6923355.579,16294663.490999999
C25,-17463499.856999997,46647.844999999994,21744591.842
C25,-14597727.488,-8705723.252,22118311.751000002
C25,-13810073.406,-16954972.215,17331374.998999998
C26,17794153.636,7447027.4,-20179652.512000002
C26,20381419.262,13914207.999,-13021473.524
C26,22027643.144,16871679.151,-2827815.023
C26,20704312.077999998,16860909.411000002,8025554.108999999
C26,15529761.742,15713186.477,17003237.903
C26,7326008.284,15472926.708,22006677.400000002
C26,-1724274.722,17224439.144,21868716.16
C26,-9140532.503,20460748.599999998,16626286.350999998
C26,-13357419.693,23336731.357,7507603.0540000005
C26,-14441100.602,23667841.075,-3359461.1100000003
C26,-13933252.337,20134321.952999998,-13445655.261
C26,-13916511.885,13043797.314,-20407179.542999998
C26,-15808684.191,4244526.118,-22626094.953
C26,-19533211.049000002,-3765675.3899999997,-19583248.935
C26,-23511165.309,-9064776.52,-11980873.105999999
C26,-25483851.490000002,-11218912.05,-1585190.382
C26,-23730947.337,-11397468.789,9180153.336
C26,-18030675.216,-11629761.640999999,17799921.347
C26,-9839915.564000001,-13605806.273,22259340.573000003
C26,-1591294.73,-17674247.825,21518757.716000002
C26,4516763.263,-22584440.315,15755984.811
C26,7587993.189,-26113952.407,6320324.244
C26,8386277.448999999,-26242602.643,-4587121.953
C26,8801498.223000001,-22241390.7,-14428284.038
C27,-27349652.075999998,-5211081.896,-1826620.195
C27,-25777477.39,-5659318.731000001,9034892.814000001
C27,-20297398.394,-7036749.584,17787886.472999997
C27,-12713197.84,-10723488.294,22388766.565
C27,-5515599.046999999,-16551921.382000001,21763824.540000003
C27,-623234.0040000001,-22805145.588,16060473.233000001
C27,1549522.291,-27068934.3,6611431.331
C27,2201959.245,-27481478.288,-4378684.680000001
C27,3382354.5239999997,-23710667.579,-14349395.372000001
C27,6767920.661,-17135998.994000003,-20980731.11
C27,12650208.006000001,-10139905.126,-22730696.057
C27,19673473.726,-4888489.144,-19191310.875
C27,25470000.983000003,-2250700.1180000002,-11183720.723000001
C27,27858268.187999997,-1429321.53,-570362.765
C27,25967509.498,-498206.292,10175645.741
C27,20686573.559,2444904.359,18546846.025
C27,14193918.796,8134376.879000001,22588756.130000003
C27,8819838.932,15624275.621000001,21358304.574
C27,5852220.179,22690271.89,15144319.329
C27,4926023.943,26934666.314,5398542.501
C27,4319823.151,27003846.599,-5605542.954
C27,1992967.243,23267115.54,-15304599.092
C27,-3200816.593,17596223.372,-21442127.376000002
C27,-10779655.955,12367545.987,-22590947.979000002
C28,-20380179.735999998,-14144231.863000002,12783605.894
C28,-13483070.156,-13843139.951,20138049.813
C28,-4632679.66,-15417258.129,22801321.453
C28,3629503.7600000002,-18966264.014,20154119.105
C28,9232741.624,-23013616.547000002,12812995.324
C28,11568480.997000001,-25276975.29,2487232.619
C28,11696477.686,-23898173.776,-8417927.693
C28,11660249.958,-18473192.767,-17361021.666
C28,13283923.935999999,-10327170.16,-22256973.483999997
C28,17101595.109,-1883300.6949999998,-21963693.048
C28,21999095.208,4539672.098,-16548908.443
C28,25764710.727,7860810.95,-7275000.134
C28,26256016.258,8698133.772,3695308.86
C28,22556774.733999997,8915419.706,13804283.743
C28,15501282.456999999,10504442.332,20696585.608000003
C28,7283460.697000001,14409725.468,22767788.195
C28,359433.799,19931843.992999997,19536404.371
C28,-3771182.609,25032599.157,11754913.304
C28,-5257870.968,27381583.221,1235183.0729999999
C28,-5700339.605,25586099.91,-9572207.362
C28,-7169782.37,19945801.158,-18148433.997
C28,-10980738.867,12325780.612,-22493866.748
C28,-16878867.106000002,5214050.062,-21594751.904
C28,-23086557.365000002,466558.252,-15660115.859
C29,-1548599.3229999999,16120700.029,-22729464.391000003
C29,-10615744.401,15430042.799,-20688859.506
C29,-17780206.804,16473530.497,-13827438.003999999
C29,-21334767.872,17590982.847,-3743138.659
C29,-21210609.612,16632394.684999999,7213739.305
C29,-18922284.473,12190599.214,16488562.381
C29,-16681470.192,4453983.494,21919010.471
C29,-16159492.137,-4784131.706,22239640.327
C29,-17566424.51,-12969489.311999999,17376376.661
C29,-19542221.194999997,-18036644.627,8463224.272
C29,-19917642.714,-19400049.512000002,-2422243.337
C29,-16934719.502,-18160623.694999997,-12743336.249
C29,-10268504.465,-16422290.396,-20095593.844
C29,-1297954.822,-16090303.946,-22766504.768999998
C29,7523317.015,-17800017.925,-20133503.981999997
C29,13864148.557,-20552738.731000002,-12808978.069999998
C29,16645628.228000002,-22255211.921,-2498881.083
C29,16503786.86,-20874117.768,8393709.826
C29,15341388.226,-15584600.669,17329111.432
C29,15214002.236,-7292315.0709999995,22224211.643
C29,17153834.149,1755656.565,21938431.899
C29,20567075.582000002,9066176.358000001,16539038.425999999
C29,23530426.797,13118920.92,7284953.615999999
C29,23828391.351,14060974.204,-3666837.553
C30,-21160928.1,7725810.108,-16462839.320999999
C30,-26067145.433000002,6869980.1049999995,-7174417.6280000005
C30,-26886943.031999998,6380852.167,3787803.899
C30,-23833490.733,4202273.33,13865731.436
C30,-18668548.610999998,-902169.856,20707237.815
C30,-13748777.593,-8562925.484,22717489.788
C30,-10780029.886,-16884311.033000004,19430726.053999998
C30,-9949502.307999998,-23351847.989,11616290.268000001
C30,-9898120.046,-26083600.060000002,1096638.142
C30,-8541868.931000002,-24758870.185,-9678389.203
C30,-4295601.9690000005,-20731493.151,-18201257.219
C30,2961484.985,-16271287.458999999,-22488283.639000002
C30,11700276.75,-13341992.423,-21539545.571
C30,19441269.043,-12569567.821,-15572382.807
C30,23972502.72,-12952336.255,-5974169.791999999
C30,24440129.479,-12468358.536,5017866.428
C30,21729339.779999997,-9253052.979,14838475.715
C30,17931824.353,-2709254.784,21195735.84
C30,15188736.986,6054617.368,22608092.232
C30,14535056.69,14699804.185999999,18749347.092
C30,15367335.534,20794492.051000003,10522017.234000001
C30,15817581.575,23007179.018,-155558.296
C30,13827837.516999999,21722091.724999998,-10797035.076
C30,8344740.341000001,18753123.126,-18926035.886
C32,-20394152.919,3489412.494,-18716859.455000002
C32,-15436495.967999998,-3687725.395,-22938396.849
C32,-12130065.117,-12456069.726,-21807634.886
C32,-11199864.453,-20236332.519,-15586543.912999999
C32,-11645460.648,-24691923.073000003,-5726888.913
C32,-11354650.272,-24892233.047999997,5469493.592
C32,-8334014.090000001,-21738502.1,15390715.592
C32,-1887857.935,-17427046.053,21726172.060000002
C32,6893715.443,-14243631.450000001,23003803.719
C32,15602292.597,-13339556.998,18929001.858
C32,21686509.702,-14144009.076,10450365.339
C32,23712129.322,-14723386.211,-460206.684
C32,22039419.928,-12892637.995,-11263334.499
C32,18558924.347,-7481486.944,-19441305.187999997
C32,15628092.392,927689.616,-23085174.792000003
C32,14780296.417,10193632.669,-21342210.408999998
C32,15901701.171,17645679.925,-14617433.162999999
C32,17320321.408,21402680.429,-4480362.104
C32,16759133.577,21277276.241,6702493.193
C32,12636888.129999999,18783395.435,16322798.351
C32,5011457.251,16248462.427000001,22140548.224
C32,-4345102.585,15513823.861000001,22804413.204
C32,-12781798.108000001,16924286.067,18162429.77
C32,-18070188.456,19147172.061,9294905.549999999
C33,8760263.664,-22737575.533,-13581700.122
C33,11061069.986,-25409933.928,-3191921.609
C33,11038982.177,-24359277.459000003,7942697.8950000005
C33,10831934.966999998,-19092360.661,17224718.702999998
C33,12386722.891999999,-10933518.212000001,22491013.948
C33,16321261.988,-2387764.605,22516859.439
C33,21521107.060999997,4109868.9910000004,17298776.303999998
C33,25688213.451,7391434.180000001,8053061.402000001
C33,26548806.031,8064776.814,-3067565.457
C33,23074622.752,8068361.316000001,-13473816.387999998
C33,16063308.869,9516276.996000001,-20741522.203
C33,7764876.143999999,13457476.816,-23175931.046
C33,751059.647,19219899.027,-20207334.017
C33,-3370362.2180000003,24697005.349999998,-12525681.905
C33,-4710953.663000001,27428459.413,-1921639.3800000001
C33,-4925133.074,25898038.627,9130868.802000001
C33,-6201293.698000001,20351272.606,18053720.904999997
C33,-9969642.888,12691776.94,22767841.413999997
C33,-16028324.716,5511840.044,22177347.841
C33,-22561485.915000003,777616.397,16422234.399
C33,-27041841.69,-1129388.257,6843659.8270000005
C33,-27536702.8,-1507375.615,-4328244.506
C33,-23720728.268,-2521324.6210000003,-14492181.985
C33,-17053951.151,-5922932.216999999,-21280248.433000002
C34,19893096.302,-8758937.575,17501989.256
C34,25335450.712,-7883169.413,8670731.874
C34,26799454.991,-7521745.49,-2180049.714
C34,24318439.154,-5608092.153,-12523587.569
C34,19515279.552,-783980.468,-19953211.743
C34,14717255.088,6753269.908,-22739946.428
C34,11721440.743999999,15236125.623,-20232987.546
C34,10869911.523999998,22158498.643999998,-13012375.74
C34,10928107.819,25516388.405,-2757740.088
C34,9831117.538,24798863.81,8140160.282
C34,5895554.437,21199378.489,17137606.295
C34,-1160107.539,16933991.512000002,22134505.174000002
C34,-9943284.654,14035230.928000001,21966545.911000002
C34,-18015560.604,13273029.541,16676049.325
C34,-23087996.248,13782478.816000002,7499370.590000001
C34,-24146136.528,13594270.227000002,-3423909.043
C34,-21906827.416,10777440.015,-13550450.263
C34,-18367995.011,4576409.903,-20524170.322
C34,-15697409.633,-4070860.87,-22721993.598
C34,-15057383.213,-12915073.345,-19629926.650000002
C34,-15994277.249,-19480000.867,-11964270.66
C34,-16720004.291000001,-22276620.489,-1508736.524
C34,-15135650.938000001,-21501926.955,9298620.612
C34,-10045978.844999999,-18849220.639,17935059.123999998
C35,20248121.204,13765338.453,-13440669.728999998
C35,13147309.83,13718316.296,-20465161.476
C35,4313353.431,15623428.888,-22730043.359
C35,-3725206.544,19405695.634,-19703967.999
C35,-9021292.364,23465438.664,-12085841.977
C35,-11136448.848,25512261.736,-1647753.2100000002
C35,-11258257.265,23800761.81,9174892.922
C35,-11446151.467,18103416.626,17853635.787
C35,-13415685.105,9891795.543,22361965.58
C35,-17523676.036000002,1624263.138,21650891.867999997
C35,-22506661.753,-4477804.549000001,15891646.209
C35,-26114543.138,-7509872.971,6431031.455
C35,-26297763.244999997,-8247322.153999999,-4526188.492000001
C35,-22310939.581,-8606748.369,-14431120.438
C35,-15143148.263999999,-10502645.258000001,-20980983.59
C35,-7045545.462,-14716640.846,-22650938.379
C35,-406425.69,-20387475.625,-19047725.796
C35,3430702.5629999996,-25399573.531,-11004784.36
C35,4778751.451,-27469604.752,-393833.67600000004
C35,5322287.666,-25353482.723,10308803.012
C35,7090981.082,-19524143.242999997,18602599.504
C35,11249657.265,-11951118.387,22551323.871
C35,17365096.235,-5098741.114,21237021.713
C35,23549997.118,-682308.0650000001,14971656.811999999
C36,257972.79700000002,25983516.53,10167101.341
C36,-2734565.6920000003,20757957.423,18453054.661
C36,-8395158.05,14322974.947999999,22439681.167999998
C36,-15797673.316,8961395.158,21201095.447
C36,-22767134.745,5937911.417,15027295.793
C36,-26955621.781999998,4903097.536,5355500.564
C36,-27030946.523,4180083.898,-5563122.993
C36,-23345600.895,1775630.743,-15185646.495000001
C36,-17728945.607,-3430698.128,-21268864.931
C36,-12513535.330999998,-10962821.659,-22392704.405
C36,-9316959.216,-18885457.283,-18292973.93
C36,-8231921.012000001,-24736270.937000003,-9924852.11
C36,-7857864.609999999,-26758470.338,759215.3640000001
C36,-6153924.78,-24775249.295,11266377.252
C36,-1648889.608,-20238279.68,19147161.092
C36,5649164.953000001,-15427258.081,22567208.312
C36,14137400.765,-12233791.567,20732591.378000002
C36,21362377.089,-11182443.402999999,14071867.771
C36,25229610.092,-11210224.569,4135473.263
C36,25036792.196,-10318377.931000002,-6763722.366
C36,21782136.482,-6743805.147,-16087061.141
C36,17584805.863,-18167.010000000002,-21660799.059
C36,14529056.973000001,8659368.536,-22183503.504
C36,13553038.694,16943140.661000002,-17531231.716
C37,-17626562.545,-8437563.246,19929599.601000004
C37,-20013861.948000003,-14840336.159,12595251.789
C37,-21482347.277000003,-17683556.902,2328795.645
C37,-20019122.517,-17519503.445,-8479671.480999999
C37,-14750691.468,-16186318.683,-17314695.121
C37,-6494446.812,-15734831.890999999,-22118916.538000003
C37,2577777.1520000002,-17261724.608,-21770995.167
C37,9989775.015999999,-20276982.169,-16348143.066
C37,14169312.718999999,-22948221.748,-7111558.248000001
C37,15172629.509,-23094538.592,3784907.281
C37,14539496.941,-19396792.163,13797765.94
C37,14360484.919,-12169940.487,20590503.871
C37,16064420.692,-3277216.35,22580835.58
C37,19584333.307,4770407.272000001,19308501.042
C37,23352557.449,10048133.908,11539222.126
C37,25127033.071000002,12127994.02,1083769.698
C37,23204885.467,12186039.809,-9623940.955
C37,17372683.876,12256277.783,-18091852.88
C37,9083418.768,14036682.151999999,-22347806.375
C37,762533.047,17891079.689,-21397866.798
C37,-5390541.159,22585899.956,-15459502.235
C37,-8469308.843,25908247.963999998,-5914416.848
C37,-9227949.73,25838524.098,5011189.6450000005
C37,-9555540.624,21648688.191,14766947.067
C38,-12796888.054,37723330.362,-13535518.790000001
C38,-8425937.384000001,35060650.736,-21662503.557
C38,-5978911.17,30548588.092,-28294758.509
C38,-6124233.957,25403146.634,-32974817.825999998
C38,-8829500.809999999,21012328.654,-35380998.548
C38,-13370237.474,18560666.671,-35349689.023
C38,-18526118.263,18709338.626000002,-32886191.098
C38,-22910919.813,21418465.843000002,-28163485.706
C38,-25346430.512,25959139.042999998,-21509254.3
C38,-25179200.479,31111069.697,-13382353.433
C38,-22455140.904,35491745.387,-4340636.767
C38,-17905789.081,37928044.055,4997486.012999999
C38,-12750800.227,37770537.647999994,13995074.342
C38,-8370244.133,35066667.281,22039486.639
C38,-5934655.085,30547015.803,28583297.002
C38,-6091648.413,25428783.737999998,33180773.316999998
C38,-8792639.734000001,21089125.312,35517687.651
C38,-13305918.786,18695539.642,35432610.963
C38,-18412820.102999996,18892032.483,32928301.424
C38,-22734936.074,21625193.629,28172327.468
C38,-25105069.747,26157339.326,21486673.425
C38,-24882381.623,31264006.595,13326750.779
C38,-22126508.555,35563467.828,4250959.875
C38,-17582886.108,37889884.778,-5117328.964000001
C39,-9017434.313,22988489.16,34253677.854
C39,-13028305.053,20575032.965,34450933.478
C39,-17709241.826,20500042.753000002,32291779.138
C39,-21796201.729000002,22779903.993,27917831.187
C39,-24185838.213,26794327.733999997,21623929.056
C39,-24234277.217,31452315.335,13839278.021
C39,-21932668.245,35486610.517000005,5098627.617000001
C39,-17910829.652,37797358.833,-3994719.315
C39,-13266984.745,37751399.628,-12811446.261
C39,-9269446.227,35355096.475999996,-20741062.261
C39,-7011651.508,31253074.905,-27235482.415
C39,-7114966.744,26553161.301,-31847870.994
C39,-9560388.853,22525668.347,-34263732.197
C39,-13694529.478,20259438.884999998,-34322002.812
C39,-18407317.771,20368278.961,-32024847.624
C39,-22432215.748,22826844.95,-27535840.650999997
C39,-24687167.259000003,26979230.277,-21167111.945
C39,-24564488.733999997,31716628.016,-13356771.395
C39,-22092575.626999997,35775335.935,-4638454.405
C39,-17927165.434,38074901.646,4394825.807
C39,-13175390.248,38006304.823,13130159.788
C39,-9099960.129999999,35593894.345,20975150.39
C39,-6782187.347,31488418.755999997,27396885.155
C39,-6833255.778,26793069.866,31957218.172000002
C40,-24904030.586,25573768.296,-22671694.164
C40,-25318571.781999998,30373404.408,-15060847.175999999
C40,-23283503.928999998,34760000.307000004,-6428615.401
C40,-19334454.515,37566840.394,2639084.5089999996
C40,-14517576.308,38049456.026,11527961.821999999
C40,-10110689.929,36083870.390999995,19635568.579
C40,-7282719.597,32199738.409,26410798.757
C40,-6781580.591,27439390.441,31390425.154
C40,-8733505.503,23079630.635,34230503.82
C40,-12607877.543,20289693.869999997,34730608.042
C40,-17358144.158999998,19816438.933000002,32849083.201
C40,-21702392.285,21781634.101,28707890.244999997
C40,-24469054.222999997,25647104.07,22586171.372
C40,-24914512.304,30358715.111,14902439.021
C40,-22925804.708,34631451.592999995,6186220.394
C40,-19052178.821000002,37298602.755,-2959012.438
C40,-14355949.074000001,37629636.496,-11898878.586000001
C40,-10123069.351,35529381.741,-20013666.538000003
C40,-7512796.228999999,31563760.618,-26742730.831
C40,-7242581.927999999,26805328.35,-31624121.663999997
C40,-9394171.305,22541567.175,-34326407.006000005
C40,-13392952.031000001,19926168.845,-34670487.592
C40,-18164839.514,19668224.725,-32640186.869000003
C40,-22426874.306,21842809.959,-28381367.671
C41,-7545067.6219999995,-14252771.076000001,-22715873.608000003
C41,-2429176.673,-21119176.345,-18011938.283999998
C41,-148211.197,-26353490.124,-9091209.777
C41,355901.66099999996,-27828308.981999997,1955514.192
C41,1186445.667,-24915802.783999998,12547200.608
C41,4239089.07,-18811733.698,20220165.405
C41,10069877.038,-11906625.367,23198315.882999998
C41,17492779.347,-6548721.35,20796279.511
C41,24119068.231000002,-3858562.492,13571298.575000001
C41,27553095.125,-3218511.237,3195745.7279999997
C41,26615434.678000003,-2703023.063,-7922374.200999999
C41,21945773.325999998,-220649.92,-17191933.711000003
C41,15658762.704,5242951.482000001,-22442905.737
C41,10229359.060999999,12955920.777999999,-22440660.091999996
C41,7204165.724,20718681.799999997,-17182981.029999997
C41,6435836.194,25950388.342,-7902958.386
C41,6254184.819,26999909.682,3224947.6629999997
C41,4474379.873,23973737.055,13601924.443
C41,-313190.472,18639117.697,20815551.662
C41,-7872467.880999999,13464433.963,23196983.367000002
C41,-16336414.288,10317973.887,20198886.54
C41,-23096980.189999998,9517276.405000001,12516097.675999999
C41,-26100990.314,9727871.055,1927258.575
C41,-24870772.857,8762090.508,-9109102.331
C42,20863791.423,-18010132.798,4297281.694999999
C42,18852429.452,-14644346.040000001,14468845.556
C42,16432379.529999997,-7595348.803,21271863.459
C42,15594468.354,1618640.646,23131299.102
C42,16955935.691,10418176.088,19621413.277
C42,19425192.39,16424298.392,11558156.347000001
C42,20803939.358,18612132.431,811015.539
C42,19005486.474,17750703.862,-10124002.549
C42,13240935.556,15897721.739,-18698722.915999997
C42,4535117.022000001,15217793.761,-22906752.68
C42,-4714936.853,16758317.65,-21758041.094
C42,-11912895.032,19847471.738,-15517550.829
C42,-15542082.464,22446345.169,-5645986.893999999
C42,-15863289.84,22267592.698,5545903.859
C42,-14659523.561,18052473.243,15444826.875999998
C42,-14175334.416,10312567.902,21748726.893
C42,-15832169.156,1137742.613,22999078.805
C42,-19412517.291,-6822730.283,18911227.232
C42,-23145655.182,-11662537.185999999,10434699.295
C42,-24646700.589,-13118250.94,-465075.00800000003
C42,-22210851.143,-12595677.309999999,-11255854.342
C42,-15774132.493999999,-12310761.114,-19421999.66
C42,-7021775.985,-14003922.174999999,-23051760.809
C42,1424327.628,-17921199.833,-21290244.717
C43,2427059.25,-16076342.621,22669935.602
C43,11412586.191,-15370671.297999999,20301963.142
C43,18384935.781,-16334633.023,13201922.534
C43,21713834.48,-17286744.299000002,3026750.73
C43,21410326.806,-16112283.811999999,-7853161.926
C43,19029049.814999998,-11478054.344,-16905822.314
C43,16764285.577,-3644910.1380000003,-22024950.076
C43,16227917.616999999,5560381.233,-22017786.74
C43,17564973.452,13603851.648,-16882577.291
C43,19381272.037,18481532.913,-7812027.847999999
C43,19524045.741,19679674.452,3080821.548
C43,16297589.093,18346686.114,13254347.591
C43,9457292.188,16586377.553,20333746.205
C43,441116.309,16256476.785,22668045.708
C43,-8291240.576,17924107.261,19715607.265
C43,-14459911.893000001,20542828.283,12168134.262
C43,-17066564.472999997,22023878.568,1786515.189
C43,-16811991.73,20392187.943,-9011109.279000001
C43,-15613453.493,14904430.280000001,-17712057.57
C43,-15487141.784,6527904.365,-22291787.366
C43,-17398656.073,-2478568.96,-21682805.689
C43,-20699382.342,-9662170.673,-16023350.864
C43,-23453466.572,-13571742.923,-6628502.144
C43,-23483958.579,-14417298.692,4312639.463
C44,27554238.436,4219518.112,1635778.1099999999
C44,25948485.779,4784154.637,-9151698.302000001
C44,20528578.159,6424316.769,-17810929.639000002
C44,13136219.497,10416352.318,-22328109.968000002
C44,6215200.54,16484347.315,-21650195.821000002
C44,1578900.652,22852677.558,-15930307.151999999
C44,-467686.441,27121432.988,-6496409.465
C44,-1184475.1300000001,27502984.718,4453427.184
C44,-2602260.767,23758992.708,14362891.670000002
C44,-6308567.599,17331883.736,20917420.791
C44,-12474528.305,10597504.007,22588189.886
C44,-19654481.213999998,5641300.399,18989235.025999997
C44,-25470373.822,3215977.637,10964304.406
C44,-27814984.132000003,2436173.1020000004,386105.322
C44,-25930437.297000002,1365865.375,-10282165.584
C44,-20787561.644,-1824825.815,-18559337.303
C44,-14566708.431,-7759141.12,-22520291.525000002
C44,-9519021.757000001,-15402516.317,-21241012.653
C44,-6814687.264,-22507197.806,-15014465.673999999
C44,-5990879.728,-26722655.742,-5287007.022
C44,-5293903.648,-26784372.38,5674230.5
C44,-2731213.25,-23145361.071,15309922.029
C44,2736897.673,-17709319.104,21369561.596
C44,10515653.32,-12808756.238,22440246.527
C45,12049117.994,24342372.369,-6359130.748
C45,11565684.640999999,24960316.702,4590382.976
C45,8546879.488,22256849.265,14467978.399
C45,2265324.324,18251080.039,20967237.873
C45,-6319852.273,15124402.266999999,22572231.842
C45,-14957486.384,14046065.311,18911640.834000003
C45,-21195697.456,14572023.635,10842765.924999999
C45,-23587781.924,14937183.716,248305.047
C45,-22371139.803999998,13078576.099,-10404191.536
C45,-19261900.356999997,7835266.975,-18636288.591000002
C45,-16481094.424999999,-321916.531,-22532872.059
C45,-15536807.236000001,-9425039.643,-21185339.917
C45,-16414433.188,-16941548.450999998,-14903525.76
C45,-17608734.503,-21013532.095,-5147290.2979999995
C45,-16982103.561,-21346858.792999998,5809793.211
C45,-12988501.965,-19276079.197,15410231.057
C45,-5600694.622,-16971435.019,21412394.417
C45,3565239.1010000003,-16217990.837,22416674.445
C45,12000751.876,-17428542.503000002,18192063.257999998
C45,17531122.533,-19423075.995,9727235.087
C45,19363289.946000002,-20091059.777,-1003208.4770000001
C45,18399953.936,-17576981.406999998,-11500416.178
C45,16659348.401999999,-11349840.023,-19322234.611
C45,16117882.418,-2581192.212,-22648838.393000003
