三、  结果

PDOP     TDOP     HDOP     VDOP     GDOP    
--------------------------------------------------
1.9364   1.1655   1.6052   1.0789   2.2601  
1.3900   0.6092   0.8639   1.2929   1.5177  
2.5028   0.9957   0.8226   1.3759   2.6936  
3.0811   0.6486   1.0000   0.7467   3.1486  
1.7606   0.8673   1.2751   0.8330   1.9626  
2.5296   0.5976   1.1214   0.8931   2.5993  
2.1402   1.0496   1.0196   1.0114   2.3837  
2.4810   0.5325   1.4683   0.7364   2.5375  
1.1626   1.1642   1.8622   1.2467   1.6453  
1.7615   0.5684   1.5527   0.9521   1.8510  
1.3051   0.8466   0.8378   1.3275   1.5556  
1.6469   0.9638   1.1429   1.0161   1.9082  
2.3668   0.6294   1.8665   1.2201   2.4490  
3.3487   1.1264   1.4577   1.3375   3.5331  
1.2212   0.6372   0.8498   0.8603   1.3775  
1.9717   0.6899   1.7116   0.8854   2.0889  
1.7023   0.8799   0.9550   1.2418   1.9163  
1.1864   1.1908   1.6495   0.7590   1.6809  
1.0138   1.0708   1.5775   1.1832   1.4746  
2.9282   0.5518   1.1943   0.6927   2.9797  
3.1578   0.9363   1.1640   0.6508   3.2936  
1.7775   0.7276   1.6026   1.1100   1.9206  
3.2180   0.8306   0.9316   1.1706   3.3235  
2.9020   0.8929   1.6481   0.9950   3.0362  

平差后的测站坐标:
    1.0e+06 *

0.1799   23.9005  4.1601      5.4043   21.2142  5.0949      8.0768   17.6606  2.6539  
8.2121   15.9550  2.5261      10.9704  4.4555   9.2108      19.3506  3.6411   4.9282  
16.4017  0.1243   7.2832      22.6275  5.0755   4.2260      16.3571  6.1793   0.7866  
14.3303  10.7335  1.2836      8.7971   15.4188  3.4508      1.5234   21.5479  2.8814  
3.8266   21.2547  5.0975      2.5627   25.6189  4.1122      6.2717   20.3266  3.6057  
10.9840  11.2425  0.1424      11.9327  8.5533   1.7208      18.3657  0.6008   4.1890  
19.9654  3.2247   5.4426      20.9858  6.0782   7.7896      16.3087  7.0716   1.7385  
15.2673  13.4715  0.3840      10.5618  16.0465  1.5271      0.5204   20.5280  4.8321  
